1 0 0 2 0 0 2 -1 0 3 -1 0 3 0 0 
1 0 0 2 0 0 2 -1 0 3 -1 0 3 0 0 
0.999942 -0.00439639 0.00983308 1.99993 -0.00337864 0.00575983 1.99668 -1.00336 0.0118154 2.99661 -1.00434 0.0236589 2.99987 -0.00435773 0.0280652 
0.999765 -0.00884016 0.019784 1.99973 -0.00675957 0.0114317 1.99342 -1.00667 0.0235391 2.99314 -1.00867 0.0472547 2.99946 -0.00872874 0.0562276 
0.999466 -0.0133297 0.0298493 1.99938 -0.0101417 0.0170154 1.99022 -1.00993 0.0351717 2.98958 -1.01298 0.0707845 2.99878 -0.0131129 0.0844846 
0.999039 -0.0178631 0.0400253 1.99888 -0.0135241 0.0225109 1.98708 -1.01316 0.0467141 2.98594 -1.01727 0.0942449 2.99783 -0.0175102 0.112833 
0.998482 -0.0224384 0.0503073 1.99822 -0.0169057 0.0279182 1.98401 -1.01635 0.058167 2.98222 -1.02154 0.117633 2.99659 -0.0219207 0.141272 
0.99779 -0.0270533 0.0606903 1.99739 -0.0202857 0.0332377 1.981 -1.01949 0.0695312 2.97842 -1.02579 0.140945 2.99508 -0.0263444 0.169796 
0.99696 -0.0317053 0.0711687 1.99639 -0.0236632 0.0384696 1.97805 -1.0226 0.0808076 2.97454 -1.03002 0.164178 2.99327 -0.0307814 0.198405 
0.995989 -0.0363917 0.0817363 1.99522 -0.0270375 0.0436146 1.97518 -1.02567 0.0919971 2.97059 -1.03423 0.187329 2.99118 -0.0352322 0.227094 
0.994874 -0.0411096 0.0923863 1.99386 -0.0304081 0.0486734 1.97238 -1.02869 0.103101 2.96656 -1.03842 0.210394 2.98881 -0.0396969 0.255861 
0.993612 -0.0458561 0.103111 1.99232 -0.0337742 0.0536469 1.96966 -1.03169 0.114119 2.96246 -1.04258 0.233369 2.98613 -0.0441761 0.284704 
0.992201 -0.0506278 0.113904 1.99058 -0.0371356 0.0585363 1.96701 -1.03464 0.125054 2.95829 -1.04671 0.256252 2.98317 -0.0486703 0.313619 
0.990638 -0.0554213 0.124756 1.98864 -0.0404919 0.0633426 1.96443 -1.03756 0.135905 2.95405 -1.05082 0.279038 2.9799 -0.05318 0.342604 
0.988923 -0.0602352 0.135664 1.98653 -0.0438026 0.0680624 1.96193 -1.04049 0.146677 2.94975 -1.05492 0.301724 2.97635 -0.0576872 0.371659 
0.987053 -0.0650623 0.146609 1.98419 -0.0471494 0.072707 1.95953 -1.04333 0.157365 2.94539 -1.05897 0.324306 2.97248 -0.0622311 0.400774 
0.985029 -0.0699006 0.157588 1.98164 -0.0504909 0.0772729 1.9572 -1.04615 0.167973 2.94096 -1.06299 0.34678 2.9683 -0.0667931 0.429949 
0.982849 -0.0747462 0.16859 1.97888 -0.0538275 0.081762 1.95497 -1.04893 0.178501 2.93648 -1.06697 0.369143 2.96382 -0.0713745 0.459182 
0.980514 -0.0795955 0.179607 1.97592 -0.0571595 0.0861758 1.95282 -1.05167 0.188952 2.93194 -1.07092 0.391391 2.95902 -0.0759764 0.488469 
0.978024 -0.0844447 0.19063 1.97275 -0.0604875 0.0905163 1.95076 -1.05438 0.199325 2.92736 -1.07483 0.41352 2.9539 -0.0806003 0.517807 
0.975381 -0.0892902 0.201649 1.96936 -0.0638121 0.0947852 1.94879 -1.05705 0.209622 2.92273 -1.07869 0.435527 2.94847 -0.0852479 0.547193 
0.972584 -0.0941285 0.212656 1.96577 -0.0671342 0.0989844 1.94692 -1.05969 0.219843 2.91805 -1.08251 0.457406 2.94272 -0.0899207 0.576625 
0.969636 -0.0989559 0.223642 1.96197 -0.0704548 0.103116 1.94515 -1.0623 0.229989 2.91334 -1.08629 0.479156 2.93664 -0.0946208 0.606097 
0.966539 -0.103769 0.234599 1.95797 -0.0737748 0.107181 1.94348 -1.06487 0.240062 2.90859 -1.09001 0.500771 2.93024 -0.0993503 0.635608 
0.963295 -0.108565 0.245518 1.95377 -0.0770956 0.111181 1.9419 -1.0674 0.25006 2.90381 -1.09368 0.522247 2.92351 -0.104112 0.665154 
0.959906 -0.11334 0.256392 1.94937 -0.0804184 0.115119 1.94043 -1.06989 0.259986 2.89901 -1.09729 0.543582 2.91645 -0.108907 0.69473 
0.956376 -0.118092 0.267213 1.94477 -0.0837447 0.118996 1.93907 -1.07235 0.26984 2.89419 -1.10084 0.564771 2.90905 -0.11374 0.724334 
0.952706 -0.122817 0.277975 1.93999 -0.0870761 0.122813 1.93781 -1.07476 0.279622 2.88935 -1.10432 0.58581 2.90132 -0.118612 0.753962 
0.948901 -0.127513 0.288671 1.93502 -0.0904143 0.126572 1.93666 -1.07714 0.289332 2.8845 -1.10774 0.606695 2.89325 -0.123528 0.78361 
0.944963 -0.132178 0.299294 1.92987 -0.093761 0.130274 1.93562 -1.07947 0.298972 2.87964 -1.11108 0.627424 2.88483 -0.128491 0.813273 
0.940896 -0.13681 0.309841 1.92454 -0.0971181 0.13392 1.93469 -1.08176 0.308541 2.87478 -1.11433 0.647991 2.87607 -0.133505 0.842948 
0.936703 -0.141405 0.320305 1.91905 -0.100488 0.137512 1.93388 -1.084 0.31804 2.86993 -1.11751 0.668393 2.86697 -0.138573 0.872632 
0.932388 -0.145963 0.330682 1.91339 -0.103871 0.141051 1.93318 -1.08619 0.327468 2.86509 -1.12059 0.688627 2.85751 -0.143701 0.902318 
0.927954 -0.150482 0.340968 1.90757 -0.107272 0.144537 1.9326 -1.08834 0.336827 2.86026 -1.12357 0.708689 2.8477 -0.148894 0.932003 
0.923406 -0.15496 0.351159 1.90159 -0.110691 0.147971 1.93215 -1.09044 0.346115 2.85545 -1.12646 0.728577 2.83754 -0.154155 0.961682 
0.918746 -0.159395 0.361252 1.89547 -0.114131 0.151355 1.93181 -1.09248 0.355334 2.85067 -1.12923 0.748286 2.82701 -0.159491 0.99135 
0.913978 -0.163787 0.371243 1.8892 -0.117595 0.154689 1.93159 -1.09447 0.364483 2.84592 -1.13188 0.767813 2.81613 -0.164909 1.021 
0.909106 -0.168133 0.381131 1.8828 -0.121085 0.157974 1.9315 -1.0964 0.373562 2.84121 -1.13441 0.787156 2.80488 -0.170413 1.05063 
0.904133 -0.172434 0.390913 1.87627 -0.124603 0.16121 1.93154 -1.09828 0.382571 2.83655 -1.1368 0.806311 2.79326 -0.176011 1.08024 
0.899063 -0.176688 0.400588 1.86961 -0.128153 0.164398 1.93171 -1.10009 0.391509 2.83193 -1.13905 0.825277 2.78128 -0.181711 1.10981 
0.893899 -0.180895 0.410153 1.86283 -0.131736 0.167539 1.932 -1.10183 0.400377 2.82737 -1.14115 0.844051 2.76893 -0.187519 1.13934 
0.888644 -0.185053 0.419607 1.85593 -0.135356 0.170632 1.93243 -1.10352 0.409175 2.82287 -1.14308 0.862631 2.7562 -0.193444 1.16883 
0.883302 -0.189163 0.428949 1.84892 -0.139016 0.17368 1.93299 -1.10513 0.417902 2.81845 -1.14485 0.881014 2.7431 -0.199495 1.19826 
0.877876 -0.193222 0.438179 1.84181 -0.142718 0.176681 1.93368 -1.10667 0.426557 2.81409 -1.14643 0.899201 2.72962 -0.20568 1.22764 
0.87237 -0.197232 0.447296 1.8346 -0.146466 0.179636 1.93452 -1.10814 0.435141 2.80981 -1.14781 0.917188 2.71576 -0.21201 1.25695 
0.866785 -0.201192 0.456298 1.82729 -0.150262 0.182547 1.93548 -1.10953 0.443654 2.80562 -1.14899 0.934977 2.70152 -0.218494 1.28618 
0.861126 -0.2051 0.465187 1.81989 -0.154111 0.185413 1.93659 -1.11085 0.452094 2.80152 -1.14995 0.952565 2.6869 -0.225144 1.31533 
0.855395 -0.208958 0.473961 1.81241 -0.158016 0.188235 1.93784 -1.11208 0.460463 2.79751 -1.15068 0.969954 2.6719 -0.23197 1.34439 
0.849595 -0.212764 0.482621 1.80484 -0.16198 0.191014 1.93923 -1.11323 0.468758 2.7936 -1.15116 0.987144 2.65651 -0.238985 1.37334 
0.843728 -0.216519 0.491167 1.79719 -0.166007 0.193751 1.94077 -1.1143 0.476981 2.78979 -1.15138 1.00414 2.64074 -0.246201 1.40218 
0.837799 -0.220222 0.499599 1.78948 -0.1701 0.196446 1.94245 -1.11527 0.485131 2.78608 -1.15133 1.02093 2.62459 -0.253632 1.43089 
0.831808 -0.223872 0.507917 1.78169 -0.174264 0.1991 1.94427 -1.11615 0.493208 2.78249 -1.15098 1.03754 2.60805 -0.261289 1.45947 
0.82576 -0.227471 0.516121 1.77384 -0.178504 0.201713 1.94625 -1.11694 0.501212 2.779 -1.15032 1.05395 2.59113 -0.269189 1.4879 
0.819655 -0.231017 0.524213 1.76593 -0.182823 0.204288 1.94838 -1.11763 0.509143 2.77563 -1.14933 1.07017 2.57382 -0.277345 1.51617 
0.813498 -0.23451 0.532192 1.75796 -0.187225 0.206826 1.95065 -1.11822 0.517 2.77237 -1.148 1.08621 2.55614 -0.285773 1.54426 
0.807306 -0.237945 0.540037 1.74991 -0.191745 0.209346 1.95311 -1.11868 0.524796 2.7692 -1.1463 1.10206 2.53804 -0.294486 1.57214 
0.80105 -0.241332 0.547793 1.74184 -0.196331 0.211812 1.95569 -1.11906 0.532507 2.76616 -1.14423 1.11775 2.51961 -0.303505 1.59983 
0.79475 -0.244667 0.555438 1.73373 -0.201016 0.214245 1.95844 -1.11933 0.540146 2.76323 -1.14175 1.13328 2.5008 -0.312844 1.6273 
0.788406 -0.247948 0.562973 1.72557 -0.205805 0.216646 1.96134 -1.11948 0.547713 2.7604 -1.13884 1.14865 2.48164 -0.32252 1.65453 
0.782021 -0.251175 0.570398 1.71738 -0.210705 0.219018 1.96441 -1.11952 0.55521 2.75767 -1.1355 1.16388 2.46211 -0.332549 1.68149 
0.775599 -0.254349 0.577713 1.70915 -0.215721 0.221363 1.96764 -1.11945 0.562635 2.75503 -1.13169 1.17896 2.44224 -0.34295 1.70817 
0.769141 -0.257469 0.58492 1.7009 -0.22086 0.223683 1.97103 -1.11925 0.569992 2.75247 -1.12739 1.19392 2.42203 -0.353739 1.73454 
0.76265 -0.260535 0.592019 1.69261 -0.226128 0.225982 1.9746 -1.11892 0.577281 2.74998 -1.12259 1.20876 2.40149 -0.364934 1.76059 
0.756128 -0.263546 0.599011 1.68431 -0.231533 0.228262 1.97834 -1.11846 0.584504 2.74754 -1.11726 1.2235 2.38063 -0.376552 1.78628 
0.749578 -0.266503 0.605895 1.67599 -0.237081 0.230527 1.98225 -1.11787 0.591664 2.74515 -1.11138 1.23815 2.35947 -0.388609 1.8116 
0.743003 -0.269405 0.612673 1.66765 -0.242782 0.232781 1.98634 -1.11714 0.598761 2.74278 -1.10493 1.25272 2.33801 -0.401122 1.83652 
0.736405 -0.272251 0.619344 1.65931 -0.248642 0.235028 1.99061 -1.11626 0.6058 2.7404 -1.09789 1.26722 2.31629 -0.414107 1.861 
0.729788 -0.275042 0.625909 1.65095 -0.254671 0.237273 1.99507 -1.11524 0.612782 2.738 -1.09025 1.28169 2.29432 -0.427577 1.88502 
0.723153 -0.277777 0.632368 1.6426 -0.260878 0.23952 1.99973 -1.11406 0.619713 2.73556 -1.08198 1.29612 2.27211 -0.441546 1.90855 
0.716505 -0.280455 0.638722 1.63425 -0.267273 0.241776 2.00457 -1.11272 0.626596 2.73303 -1.07307 1.31054 2.2497 -0.456026 1.93155 
0.709846 -0.283077 0.64497 1.62591 -0.273864 0.244047 2.00962 -1.11121 0.633435 2.73039 -1.0635 1.32497 2.22711 -0.471028 1.954 
0.703181 -0.285642 0.651111 1.61758 -0.280664 0.246338 2.01487 -1.10952 0.640237 2.7276 -1.05326 1.33942 2.20436 -0.486561 1.97587 
0.696511 -0.288149 0.657147 1.60927 -0.287682 0.248659 2.02033 -1.10766 0.647006 2.72462 -1.04235 1.35391 2.18149 -0.50263 1.99712 
0.689843 -0.290598 0.663076 1.60099 -0.294931 0.251016 2.026 -1.10559 0.65375 2.72141 -1.03075 1.36846 2.15853 -0.51924 2.01771 
0.683179 -0.292989 0.668898 1.59273 -0.302422 0.253419 2.03189 -1.10333 0.660475 2.71792 -1.01846 1.38308 2.13551 -0.536391 2.03761 
0.676506 -0.295324 0.674633 1.58452 -0.310141 0.25585 2.03799 -1.10087 0.667171 2.71415 -1.00548 1.39783 2.1125 -0.554084 2.05682 
0.669867 -0.297597 0.680236 1.57634 -0.318153 0.258375 2.04433 -1.09816 0.673885 2.70996 -0.991825 1.41265 2.08949 -0.572308 2.07525 
0.663247 -0.299811 0.685729 1.56821 -0.326446 0.260976 2.0509 -1.0952 0.680608 2.70534 -0.977493 1.4276 2.06655 -0.591057 2.0929 
0.656653 -0.301966 0.691108 1.56014 -0.335033 0.263666 2.05771 -1.09199 0.687349 2.70024 -0.962503 1.44268 2.04371 -0.610319 2.10973 
0.650091 -0.304061 0.696374 1.55213 -0.343926 0.266459 2.06475 -1.0885 0.69412 2.69459 -0.946873 1.45791 2.02102 -0.630077 2.12571 
0.643568 -0.306096 0.701522 1.54419 -0.353141 0.269368 2.07203 -1.08471 0.700934 2.68835 -0.930628 1.47329 1.99853 -0.650309 2.14082 
0.637092 -0.308072 0.70655 1.53632 -0.36269 0.27241 2.07954 -1.08061 0.707802 2.68144 -0.913801 1.48883 1.97629 -0.67099 2.15504 
0.630671 -0.309988 0.711456 1.52855 -0.372588 0.275599 2.08728 -1.07617 0.71474 2.67382 -0.896427 1.50454 1.95434 -0.692092 2.16834 
0.624314 -0.311847 0.716234 1.52087 -0.382846 0.278955 2.09525 -1.07137 0.721761 2.66542 -0.87855 1.52041 1.93274 -0.71358 2.1807 
0.618032 -0.313648 0.720881 1.51331 -0.393479 0.282497 2.10343 -1.06619 0.728881 2.65619 -0.860219 1.53644 1.91152 -0.735416 2.19212 
0.611835 -0.315393 0.725392 1.50586 -0.404498 0.286244 2.11183 -1.06059 0.736116 2.64607 -0.84149 1.55262 1.89073 -0.75756 2.20258 
0.605734 -0.317083 0.729762 1.49854 -0.415915 0.290217 2.12041 -1.05456 0.743483 2.63502 -0.822422 1.56894 1.87043 -0.779965 2.21207 
0.599744 -0.318721 0.733984 1.49136 -0.427738 0.294441 2.12916 -1.04806 0.750997 2.623 -0.803082 1.58538 1.85064 -0.802583 2.2206 
0.593877 -0.320309 0.738052 1.48433 -0.439977 0.298938 2.13807 -1.04106 0.758676 2.60995 -0.783541 1.60193 1.83142 -0.825364 2.22817 
0.588148 -0.321851 0.741958 1.47747 -0.452636 0.303733 2.14709 -1.03355 0.766536 2.59586 -0.763872 1.61857 1.8128 -0.848254 2.23479 
0.582572 -0.323352 0.745695 1.4708 -0.465721 0.308854 2.1562 -1.02548 0.774595 2.58068 -0.744153 1.63525 1.79481 -0.871198 2.24048 
0.577167 -0.324815 0.749253 1.46432 -0.479233 0.314327 2.16536 -1.01685 0.78287 2.56441 -0.724464 1.65197 1.77748 -0.894141 2.24524 
0.571949 -0.326247 0.752625 1.45804 -0.493168 0.32018 2.17453 -1.00761 0.791374 2.54704 -0.704887 1.66867 1.76084 -0.917025 2.24912 
0.566936 -0.327655 0.755799 1.452 -0.507522 0.326442 2.18365 -0.997752 0.800124 2.52855 -0.685502 1.68533 1.74491 -0.939797 2.25213 
0.562147 -0.329045 0.758766 1.44619 -0.522285 0.33314 2.19268 -0.987258 0.809133 2.50896 -0.66639 1.70191 1.7297 -0.962399 2.25432 
0.557601 -0.330428 0.761515 1.44064 -0.537442 0.340304 2.20155 -0.976115 0.818413 2.48829 -0.64763 1.71837 1.71523 -0.984781 2.25571 
0.553314 -0.331813 0.764034 1.43535 -0.552974 0.347961 2.2102 -0.964313 0.827976 2.46654 -0.629297 1.73466 1.7015 -1.00689 2.25635 
0.549307 -0.33321 0.766314 1.43035 -0.568858 0.356139 2.21858 -0.95185 0.83783 2.44377 -0.611465 1.75077 1.68851 -1.02868 2.25627 
0.545597 -0.334631 0.768342 1.42565 -0.585064 0.364862 2.2266 -0.93873 0.847982 2.41999 -0.594199 1.76663 1.67626 -1.0501 2.25554 
0.5422 -0.336089 0.770108 1.42127 -0.601558 0.374152 2.23421 -0.924963 0.858438 2.39527 -0.577562 1.78223 1.66475 -1.07112 2.25418 
0.539131 -0.337595 0.771602 1.4172 -0.618299 0.384032 2.24133 -0.910567 0.869201 2.36965 -0.56161 1.79752 1.65395 -1.09169 2.25226 
0.536405 -0.339165 0.772813 1.41346 -0.635245 0.394517 2.2479 -0.895565 0.880272 2.34319 -0.546391 1.81248 1.64386 -1.11179 2.24981 
0.534031 -0.34081 0.773731 1.41007 -0.652345 0.40562 2.25384 -0.87999 0.89165 2.31595 -0.531947 1.82707 1.63446 -1.13137 2.2469 
0.53202 -0.342545 0.77435 1.40702 -0.669549 0.417352 2.25911 -0.863879 0.903334 2.288 -0.518314 1.84129 1.62572 -1.15043 2.24356 
0.530378 -0.344382 0.774661 1.40431 -0.6868 0.429716 2.26364 -0.847275 0.915318 2.25939 -0.50552 1.8551 1.61762 -1.16893 2.23985 
0.52911 -0.346335 0.774658 1.40195 -0.704042 0.442714 2.26738 -0.830229 0.927598 2.23019 -0.493586 1.8685 1.61014 -1.18685 2.2358 
0.528215 -0.348413 0.774337 1.39993 -0.721216 0.45634 2.27029 -0.812793 0.940166 2.20048 -0.482527 1.88147 1.60325 -1.2042 2.23148 
0.527819 -0.349902 0.773935 1.39875 -0.732815 0.46595 2.27178 -0.800755 0.948865 2.18003 -0.475519 1.89004 1.59889 -1.21564 2.2284 
0.527819 -0.349902 0.773935 1.39875 -0.732815 0.46595 2.27178 -0.800755 0.948865 2.18003 -0.475519 1.89004 1.59889 -1.21564 2.2284 
0.511869 -0.344747 0.786855 1.37458 -0.73134 0.460854 2.24787 -0.793275 0.944092 2.16573 -0.473371 1.88797 1.59494 -1.22048 2.22859 
0.495829 -0.339462 0.799324 1.35013 -0.729692 0.455978 2.22377 -0.785715 0.939313 2.15144 -0.471318 1.88584 1.59108 -1.22527 2.22871 
0.479696 -0.334057 0.811355 1.32544 -0.727881 0.45132 2.1995 -0.778079 0.934537 2.13716 -0.469361 1.88365 1.58733 -1.23 2.22879 
0.463468 -0.328539 0.822958 1.30052 -0.725914 0.446876 2.17507 -0.770369 0.929773 2.12288 -0.4675 1.88138 1.58367 -1.23467 2.22881 
0.447138 -0.322913 0.834143 1.2754 -0.723802 0.442642 2.1505 -0.762588 0.925032 2.10862 -0.465736 1.87904 1.58011 -1.23927 2.22878 
0.430703 -0.317185 0.844919 1.2501 -0.72155 0.438613 2.1258 -0.754739 0.920319 2.09437 -0.464069 1.87663 1.57665 -1.24382 2.22869 
0.414157 -0.311359 0.855295 1.22463 -0.719168 0.434786 2.10099 -0.746823 0.915642 2.08012 -0.4625 1.87414 1.57328 -1.24831 2.22856 
0.397495 -0.305439 0.865277 1.19902 -0.71666 0.431156 2.07608 -0.738844 0.911009 2.06588 -0.46103 1.87159 1.57001 -1.25274 2.22838 
0.38071 -0.299427 0.874873 1.17327 -0.714034 0.427718 2.05109 -0.730802 0.906423 2.05165 -0.459659 1.86896 1.56684 -1.25711 2.22816 
0.363798 -0.293327 0.884088 1.14741 -0.711295 0.424468 2.02601 -0.722699 0.901891 2.03743 -0.458388 1.86626 1.56376 -1.26142 2.22788 
0.346751 -0.287139 0.892925 1.12145 -0.708449 0.4214 2.00087 -0.714536 0.897418 2.02321 -0.457217 1.86349 1.56078 -1.26567 2.22757 
0.329563 -0.280864 0.90139 1.0954 -0.705501 0.41851 1.97566 -0.706314 0.893008 2.00901 -0.456148 1.86064 1.55789 -1.26986 2.22721 
0.312228 -0.274503 0.909484 1.06928 -0.702457 0.415793 1.9504 -0.698035 0.888664 1.9948 -0.455181 1.85771 1.5551 -1.27398 2.2268 
0.29474 -0.268057 0.91721 1.04309 -0.699321 0.413244 1.92509 -0.689698 0.884392 1.9806 -0.454316 1.85471 1.5524 -1.27804 2.22636 
0.277091 -0.261523 0.924568 1.01685 -0.696099 0.410858 1.89975 -0.681306 0.880194 1.96641 -0.453555 1.85163 1.5498 -1.28203 2.22587 
0.259276 -0.254903 0.931558 0.990573 -0.692795 0.408628 1.87437 -0.672859 0.876073 1.95222 -0.452899 1.84847 1.54729 -1.28596 2.22535 
0.241287 -0.248193 0.93818 0.964263 -0.689413 0.40655 1.84897 -0.664357 0.872033 1.93803 -0.452347 1.84523 1.54488 -1.28983 2.22479 
0.223118 -0.241393 0.94443 0.937934 -0.68596 0.404618 1.82354 -0.655801 0.868077 1.92384 -0.451902 1.84192 1.54257 -1.29363 2.22418 
0.204763 -0.234499 0.950306 0.911596 -0.682439 0.402825 1.7981 -0.647192 0.864208 1.90965 -0.451564 1.83852 1.54036 -1.29736 2.22355 
0.186215 -0.227511 0.955805 0.885259 -0.678855 0.401165 1.77264 -0.638529 0.860427 1.89546 -0.451334 1.83504 1.53824 -1.30103 2.22287 
0.167468 -0.220423 0.96092 0.858931 -0.675213 0.399632 1.74718 -0.629814 0.856738 1.88127 -0.451214 1.83148 1.53622 -1.30462 2.22216 
0.148517 -0.213233 0.965647 0.832623 -0.671518 0.398219 1.72172 -0.621047 0.853143 1.86708 -0.451205 1.82783 1.53429 -1.30814 2.22142 
0.129357 -0.205938 0.969977 0.806344 -0.667775 0.39692 1.69626 -0.612228 0.849643 1.85288 -0.451309 1.82411 1.53247 -1.31159 2.22064 
0.109982 -0.198533 0.973904 0.780103 -0.663988 0.395726 1.67081 -0.603357 0.846243 1.83868 -0.451526 1.82029 1.53074 -1.31497 2.21984 
0.0903894 -0.191014 0.977417 0.75391 -0.660163 0.39463 1.64537 -0.594435 0.842942 1.82446 -0.451859 1.81639 1.52912 -1.31828 2.219 
0.0705745 -0.183377 0.980506 0.727772 -0.656306 0.393625 1.61994 -0.585461 0.839745 1.81024 -0.45231 1.8124 1.5276 -1.3215 2.21812 
0.0505348 -0.175617 0.983161 0.701699 -0.652421 0.392701 1.59452 -0.576436 0.836652 1.79601 -0.45288 1.80832 1.52618 -1.32465 2.21722 
0.0302686 -0.167728 0.985369 0.6757 -0.648515 0.391852 1.56913 -0.567359 0.833666 1.78176 -0.453573 1.80415 1.52486 -1.32772 2.21629 
0.00977511 -0.159707 0.987116 0.649784 -0.644593 0.391068 1.54376 -0.558232 0.830789 1.7675 -0.454389 1.79989 1.52365 -1.33071 2.21534 
-0.0109454 -0.151547 0.988389 0.62396 -0.640661 0.39034 1.51841 -0.549053 0.828023 1.75322 -0.455332 1.79554 1.52254 -1.33361 2.21435 
-0.0318914 -0.143245 0.989173 0.598236 -0.636725 0.389659 1.49309 -0.539823 0.82537 1.73892 -0.456405 1.79109 1.52154 -1.33643 2.21334 
-0.0530598 -0.134795 0.989452 0.572621 -0.632792 0.389017 1.4678 -0.530541 0.822833 1.7246 -0.45761 1.78654 1.52065 -1.33916 2.2123 
-0.0744462 -0.126192 0.989208 0.547124 -0.628868 0.388404 1.44254 -0.521208 0.820414 1.71026 -0.458952 1.7819 1.51986 -1.3418 2.21124 
-0.0960444 -0.117432 0.988426 0.521754 -0.62496 0.38781 1.41732 -0.511823 0.818115 1.69588 -0.460433 1.77716 1.5192 -1.34434 2.21016 
-0.117846 -0.10851 0.987086 0.496521 -0.621074 0.387226 1.39213 -0.502386 0.81594 1.68148 -0.462059 1.77231 1.51864 -1.34679 2.20905 
-0.139843 -0.0994229 0.98517 0.471431 -0.617218 0.386644 1.36698 -0.492897 0.81389 1.66705 -0.463832 1.76736 1.5182 -1.34913 2.20792 
-0.162021 -0.0901671 0.982659 0.446496 -0.613397 0.386054 1.34187 -0.483355 0.811968 1.65258 -0.465758 1.76231 1.51788 -1.35137 2.20677 
-0.184394 -0.0807092 0.979534 0.421733 -0.609651 0.385406 1.3168 -0.473757 0.810164 1.63808 -0.467812 1.75716 1.51767 -1.35353 2.2056 
-0.206892 -0.0711098 0.975777 0.397131 -0.605922 0.384777 1.29177 -0.464109 0.80851 1.62352 -0.470061 1.75188 1.51759 -1.35555 2.20441 
-0.229523 -0.0613357 0.97137 0.372709 -0.60225 0.384116 1.26678 -0.454408 0.806995 1.60892 -0.472479 1.74649 1.51764 -1.35746 2.2032 
-0.252269 -0.0513865 0.966293 0.348477 -0.598642 0.383415 1.24182 -0.444653 0.805623 1.59426 -0.475076 1.74099 1.51782 -1.35924 2.20198 
-0.275106 -0.0412629 0.960529 0.324444 -0.595104 0.382669 1.21691 -0.434844 0.804399 1.57955 -0.477857 1.73536 1.51814 -1.36089 2.20074 
-0.298009 -0.0309666 0.954062 0.300619 -0.591643 0.381872 1.19204 -0.424981 0.803327 1.56477 -0.480833 1.72961 1.51859 -1.36241 2.19949 
-0.32095 -0.0205008 0.946875 0.277011 -0.588264 0.38102 1.16722 -0.415065 0.802414 1.54992 -0.484012 1.72373 1.51918 -1.36379 2.19822 
-0.343902 -0.00986958 0.938954 0.253629 -0.584974 0.380108 1.14243 -0.405096 0.801665 1.53501 -0.487405 1.71772 1.51992 -1.36503 2.19695 
-0.366832 0.000921271 0.930287 0.230483 -0.581776 0.379136 1.11769 -0.395074 0.801087 1.52001 -0.491024 1.71157 1.52081 -1.3661 2.19566 
-0.389708 0.0118647 0.920863 0.207582 -0.578676 0.378102 1.09299 -0.385001 0.800687 1.50492 -0.494881 1.70528 1.52186 -1.36701 2.19437 
-0.412494 0.0229521 0.910671 0.184934 -0.575677 0.377007 1.06833 -0.374878 0.800474 1.48973 -0.498992 1.69884 1.52307 -1.36775 2.19307 
-0.435156 0.0341732 0.899707 0.16255 -0.572781 0.375853 1.04371 -0.364708 0.800458 1.47445 -0.503373 1.69225 1.52445 -1.36829 2.19177 
-0.457655 0.0455166 0.887964 0.14044 -0.569989 0.374644 1.01914 -0.354493 0.800649 1.45905 -0.508041 1.68549 1.52601 -1.36864 2.19047 
-0.479953 0.0569687 0.875443 0.118612 -0.567302 0.373386 0.994609 -0.344239 0.80106 1.44353 -0.513018 1.67857 1.52776 -1.36877 2.18917 
-0.502011 0.068515 0.862143 0.0970782 -0.564719 0.372086 0.970122 -0.333951 0.801704 1.42787 -0.518327 1.67148 1.5297 -1.36867 2.18787 
-0.52379 0.080139 0.84807 0.0758478 -0.562237 0.370752 0.945681 -0.323636 0.802598 1.41207 -0.523993 1.66421 1.53185 -1.36832 2.18659 
-0.545251 0.091823 0.833229 0.0549321 -0.559851 0.369396 0.921289 -0.313304 0.803758 1.39612 -0.530046 1.65675 1.53422 -1.36769 2.18532 
-0.566354 0.103548 0.817631 0.0343431 -0.557555 0.36803 0.896951 -0.302966 0.805208 1.37999 -0.53652 1.6491 1.53681 -1.36678 2.18407 
-0.587062 0.115293 0.80129 0.0140933 -0.55534 0.366669 0.872671 -0.29264 0.80697 1.36368 -0.543453 1.64126 1.53965 -1.36553 2.18285 
-0.607336 0.127037 0.784222 -0.00580332 -0.553194 0.365329 0.84846 -0.282345 0.809073 1.34718 -0.550889 1.6332 1.54275 -1.36394 2.18165 
-0.627142 0.138758 0.766446 -0.0253316 -0.551105 0.364031 0.824327 -0.272107 0.811551 1.33047 -0.558875 1.62495 1.54613 -1.36196 2.1805 
-0.646444 0.150432 0.747984 -0.0444743 -0.549055 0.362793 0.800289 -0.261959 0.814442 1.31353 -0.567469 1.61648 1.5498 -1.35955 2.1794 
-0.665211 0.162034 0.728861 -0.0632122 -0.547025 0.361641 0.776365 -0.251943 0.817791 1.29636 -0.576733 1.60782 1.55379 -1.35667 2.17836 
-0.683413 0.173542 0.709105 -0.0815231 -0.544991 0.3606 0.752582 -0.242113 0.821653 1.27893 -0.586739 1.59896 1.55811 -1.35326 2.17739 
-0.701022 0.184929 0.688745 -0.0993818 -0.542926 0.359699 0.728975 -0.232537 0.826091 1.26126 -0.597565 1.58992 1.56279 -1.34927 2.1765 
-0.718014 0.196171 0.667812 -0.11676 -0.540797 0.358971 0.705587 -0.223304 0.83118 1.24333 -0.609298 1.58075 1.56785 -1.34465 2.17573 
-0.734369 0.207245 0.646338 -0.133624 -0.538569 0.358454 0.682475 -0.214523 0.837006 1.22516 -0.622028 1.57147 1.57331 -1.33931 2.17508 
-0.750068 0.218127 0.624355 -0.14994 -0.5362 0.358187 0.659709 -0.206334 0.843668 1.20677 -0.635849 1.56217 1.57918 -1.33321 2.17457 
-0.765099 0.228793 0.601895 -0.165668 -0.533644 0.358217 0.637373 -0.198906 0.851275 1.18821 -0.650844 1.55294 1.58548 -1.32626 2.17424 
-0.779451 0.239222 0.578989 -0.180771 -0.530851 0.358592 0.615566 -0.192441 0.859941 1.16955 -0.66708 1.54391 1.59218 -1.31844 2.17409 
-0.79312 0.249393 0.555666 -0.195215 -0.527767 0.359362 0.594397 -0.187169 0.869779 1.15092 -0.684588 1.53526 1.59927 -1.30972 2.17416 
-0.806102 0.259286 0.53195 -0.208975 -0.524342 0.360578 0.573976 -0.183334 0.880881 1.13245 -0.703345 1.52718 1.6067 -1.3001 2.17446 
-0.818399 0.268882 0.507863 -0.222042 -0.520526 0.362284 0.554399 -0.181171 0.893305 1.11433 -0.723259 1.5199 1.61437 -1.28967 2.17499 
-0.830016 0.278163 0.483425 -0.234431 -0.51628 0.364512 0.535731 -0.180872 0.907055 1.09676 -0.744162 1.51365 1.62218 -1.27853 2.17575 
-0.84097 0.287109 0.45866 -0.246196 -0.511576 0.367272 0.518013 -0.182559 0.922085 1.07993 -0.765825 1.50863 1.63 -1.26687 2.17673 
-0.841157 0.287262 0.458236 -0.246397 -0.511496 0.367319 0.51771 -0.182587 0.922342 1.07964 -0.766196 1.50855 1.63014 -1.26667 2.17674 
-0.841157 0.287262 0.458236 -0.246397 -0.511496 0.367319 0.51771 -0.182587 0.922342 1.07964 -0.766196 1.50855 1.63014 -1.26667 2.17674 
-0.83995 0.287369 0.460346 -0.253113 -0.517394 0.371001 0.508395 -0.185183 0.927578 1.0646 -0.772524 1.51552 1.60784 -1.27328 2.18943 
-0.838745 0.287471 0.462473 -0.259924 -0.523244 0.374663 0.499018 -0.187731 0.932763 1.0494 -0.77873 1.52252 1.58533 -1.2799 2.20195 
-0.83753 0.287565 0.464612 -0.26682 -0.529041 0.378313 0.489566 -0.190229 0.937887 1.03403 -0.784816 1.52953 1.56259 -1.28653 2.21431 
-0.836305 0.287649 0.466761 -0.273802 -0.534786 0.381949 0.480037 -0.192673 0.942948 1.0185 -0.790786 1.53653 1.53963 -1.29316 2.22649 
-0.83507 0.287722 0.468923 -0.280869 -0.540478 0.38557 0.470433 -0.19506 0.947947 1.0028 -0.796645 1.54351 1.51644 -1.29979 2.23851 
-0.833825 0.287783 0.471097 -0.288019 -0.546116 0.389176 0.460752 -0.19739 0.952885 0.986937 -0.802397 1.55048 1.49303 -1.30641 2.25037 
-0.83257 0.287829 0.473283 -0.295253 -0.5517 0.392766 0.450994 -0.199658 0.95776 0.97091 -0.808043 1.55741 1.4694 -1.31302 2.26205 
-0.831304 0.287861 0.475483 -0.302569 -0.557229 0.39634 0.441159 -0.201864 0.962573 0.954718 -0.813589 1.5643 1.44553 -1.31961 2.27356 
-0.830029 0.287876 0.477696 -0.309966 -0.562703 0.399898 0.431248 -0.204005 0.967324 0.938363 -0.819035 1.57114 1.42144 -1.32617 2.2849 
-0.828745 0.287873 0.479923 -0.317445 -0.568121 0.403438 0.421261 -0.20608 0.972011 0.921845 -0.824384 1.57793 1.39713 -1.3327 2.29607 
-0.82745 0.287852 0.482164 -0.325004 -0.573481 0.406961 0.411198 -0.208087 0.976636 0.905165 -0.829639 1.58466 1.37259 -1.3392 2.30706 
-0.826146 0.28781 0.48442 -0.332642 -0.578785 0.410466 0.401058 -0.210025 0.981198 0.888323 -0.8348 1.59132 1.34782 -1.34567 2.31788 
-0.824832 0.287746 0.486691 -0.340358 -0.584031 0.413952 0.390844 -0.211893 0.985696 0.87132 -0.83987 1.59791 1.32283 -1.35209 2.32851 
-0.823509 0.28766 0.488978 -0.348152 -0.589219 0.417419 0.380554 -0.213689 0.990131 0.854156 -0.84485 1.60443 1.29762 -1.35846 2.33897 
-0.822176 0.28755 0.49128 -0.356022 -0.594349 0.420867 0.370191 -0.215411 0.994501 0.836833 -0.84974 1.61086 1.27218 -1.36479 2.34924 
-0.820834 0.287414 0.493598 -0.363968 -0.599419 0.424295 0.359753 -0.217059 0.998807 0.819352 -0.854542 1.6172 1.24652 -1.37106 2.35932 
-0.819482 0.287252 0.495933 -0.371988 -0.60443 0.427703 0.349242 -0.218632 1.00305 0.801713 -0.859257 1.62345 1.22063 -1.37728 2.36921 
-0.818122 0.287062 0.498284 -0.380082 -0.60938 0.431091 0.338658 -0.220128 1.00722 0.783917 -0.863883 1.6296 1.19452 -1.38343 2.37892 
-0.816752 0.286843 0.500651 -0.388249 -0.61427 0.434457 0.328003 -0.221547 1.01133 0.765966 -0.868423 1.63564 1.1682 -1.38952 2.38842 
-0.815373 0.286594 0.503036 -0.396487 -0.6191 0.437802 0.317276 -0.222887 1.01538 0.74786 -0.872876 1.64158 1.14165 -1.39554 2.39773 
-0.813985 0.286313 0.505438 -0.404795 -0.623868 0.441126 0.306479 -0.224147 1.01935 0.729601 -0.877243 1.64741 1.11488 -1.40149 2.40684 
-0.812588 0.285999 0.507857 -0.413172 -0.628574 0.444427 0.295612 -0.225327 1.02326 0.711189 -0.881522 1.65313 1.0879 -1.40737 2.41574 
-0.811182 0.285652 0.510293 -0.421618 -0.633219 0.447706 0.284677 -0.226425 1.0271 0.692627 -0.885714 1.65872 1.0607 -1.41317 2.42443 
-0.809768 0.28527 0.512748 -0.430131 -0.637801 0.450962 0.273673 -0.227441 1.03087 0.673914 -0.889819 1.66419 1.03328 -1.41889 2.43292 
-0.808345 0.284851 0.51522 -0.43871 -0.64232 0.454196 0.262601 -0.228373 1.03458 0.655053 -0.893836 1.66953 1.00566 -1.42453 2.44118 
-0.806913 0.284395 0.51771 -0.447353 -0.646777 0.457406 0.251464 -0.229221 1.03821 0.636045 -0.897765 1.67474 0.97782 -1.43007 2.44924 
-0.805473 0.2839 0.520217 -0.45606 -0.65117 0.460593 0.240261 -0.229984 1.04178 0.616891 -0.901605 1.67982 0.949773 -1.43553 2.45707 
-0.804025 0.283366 0.522743 -0.464829 -0.655499 0.463756 0.228993 -0.230661 1.04527 0.597593 -0.905356 1.68476 0.921518 -1.4409 2.46467 
-0.802568 0.28279 0.525287 -0.473659 -0.659765 0.466896 0.217662 -0.231252 1.04869 0.578152 -0.909016 1.68955 0.893058 -1.44617 2.47205 
-0.801103 0.282172 0.527849 -0.482549 -0.663967 0.470011 0.206268 -0.231755 1.05204 0.55857 -0.912586 1.69421 0.864395 -1.45134 2.4792 
-0.799631 0.281511 0.530429 -0.491497 -0.668104 0.473102 0.194812 -0.232169 1.05532 0.538848 -0.916063 1.69871 0.83553 -1.45642 2.48611 
-0.79815 0.280805 0.533027 -0.500502 -0.672176 0.476168 0.183295 -0.232495 1.05852 0.518988 -0.919448 1.70306 0.806467 -1.46138 2.49278 
-0.796661 0.280054 0.535642 -0.509564 -0.676184 0.479211 0.171719 -0.232731 1.06165 0.498992 -0.922739 1.70726 0.777207 -1.46624 2.49922 
-0.795164 0.279256 0.538276 -0.518679 -0.680127 0.482228 0.160084 -0.232876 1.06471 0.478861 -0.925935 1.71129 0.747753 -1.471 2.5054 
-0.79366 0.27841 0.540927 -0.527848 -0.684004 0.485221 0.148391 -0.232931 1.06769 0.458598 -0.929035 1.71517 0.718108 -1.47564 2.51134 
-0.792149 0.277515 0.543596 -0.537068 -0.687816 0.48819 0.136642 -0.232893 1.07059 0.438204 -0.932039 1.71888 0.688275 -1.48016 2.51702 
-0.79063 0.27657 0.546283 -0.546339 -0.691563 0.491133 0.124837 -0.232763 1.07342 0.417681 -0.934944 1.72243 0.658255 -1.48457 2.52245 
-0.789103 0.275574 0.548986 -0.555658 -0.695244 0.494052 0.112978 -0.23254 1.07617 0.397031 -0.937751 1.7258 0.628053 -1.48886 2.52762 
-0.78757 0.274525 0.551707 -0.565024 -0.698859 0.496946 0.101065 -0.232224 1.07885 0.376257 -0.940457 1.729 0.597671 -1.49302 2.53252 
-0.786029 0.273423 0.554445 -0.574437 -0.702408 0.499815 0.0890994 -0.231813 1.08144 0.35536 -0.943062 1.73202 0.567112 -1.49707 2.53716 
-0.784481 0.272266 0.557199 -0.583893 -0.705891 0.50266 0.0770827 -0.231307 1.08396 0.334343 -0.945563 1.73487 0.536379 -1.50098 2.54153 
-0.782927 0.271054 0.559969 -0.593392 -0.709308 0.505481 0.0650159 -0.230706 1.0864 0.313208 -0.947961 1.73753 0.505477 -1.50476 2.54562 
-0.781366 0.269785 0.562755 -0.602933 -0.712658 0.508277 0.0529 -0.230009 1.08876 0.291956 -0.950254 1.74001 0.474407 -1.50842 2.54943 
-0.779798 0.268459 0.565557 -0.612513 -0.715942 0.511049 0.040736 -0.229215 1.09104 0.270591 -0.95244 1.7423 0.443175 -1.51194 2.55297 
-0.778223 0.267074 0.568374 -0.622131 -0.71916 0.513797 0.0285252 -0.228325 1.09324 0.249116 -0.954518 1.7444 0.411782 -1.51532 2.55622 
-0.776643 0.265629 0.571206 -0.631785 -0.722312 0.516521 0.0162685 -0.227337 1.09536 0.227531 -0.956487 1.74631 0.380235 -1.51856 2.55918 
-0.775056 0.264123 0.574052 -0.641474 -0.725397 0.519222 0.00396718 -0.226251 1.0974 0.205841 -0.958345 1.74802 0.348535 -1.52166 2.56185 
-0.773463 0.262556 0.576913 -0.651196 -0.728416 0.521899 -0.00837777 -0.225067 1.09936 0.184047 -0.960092 1.74954 0.316687 -1.52462 2.56422 
-0.771864 0.260927 0.579786 -0.660949 -0.731368 0.524554 -0.0207652 -0.223785 1.10123 0.162152 -0.961725 1.75085 0.284695 -1.52743 2.5663 
-0.770259 0.259233 0.582673 -0.670733 -0.734254 0.527186 -0.0331941 -0.222403 1.10302 0.14016 -0.963244 1.75196 0.252563 -1.5301 2.56808 
-0.768648 0.257475 0.585572 -0.680544 -0.737074 0.529795 -0.0456633 -0.220922 1.10473 0.118072 -0.964648 1.75287 0.220295 -1.53261 2.56955 
-0.767032 0.255652 0.588482 -0.690381 -0.739827 0.532383 -0.0581717 -0.219341 1.10635 0.0958918 -0.965933 1.75356 0.187897 -1.53497 2.57071 
-0.76541 0.253763 0.591404 -0.700243 -0.742514 0.534949 -0.0707183 -0.21766 1.10789 0.0736222 -0.967101 1.75405 0.155371 -1.53718 2.57156 
-0.763783 0.251806 0.594337 -0.710127 -0.745135 0.537495 -0.0833021 -0.215879 1.10934 0.0512662 -0.968148 1.75432 0.122723 -1.53923 2.5721 
-0.762151 0.249781 0.597279 -0.720032 -0.747691 0.540019 -0.0959219 -0.213997 1.11071 0.0288267 -0.969075 1.75438 0.0899579 -1.54112 2.57232 
-0.760514 0.247687 0.60023 -0.729957 -0.75018 0.542524 -0.108577 -0.212014 1.11199 0.00630684 -0.969879 1.75423 0.0570795 -1.54286 2.57222 
-0.758872 0.245524 0.60319 -0.739898 -0.752603 0.545009 -0.121266 -0.20993 1.11319 -0.0162902 -0.970559 1.75385 0.0240931 -1.54443 2.5718 
-0.757225 0.243289 0.606158 -0.749855 -0.754961 0.547475 -0.133988 -0.207745 1.1143 -0.0389611 -0.971113 1.75325 -0.00899649 -1.54583 2.57106 
-0.755573 0.240984 0.609132 -0.759825 -0.757253 0.549923 -0.146742 -0.205458 1.11532 -0.0617027 -0.971542 1.75243 -0.0421842 -1.54707 2.56998 
-0.753917 0.238607 0.612112 -0.769808 -0.759481 0.552353 -0.159527 -0.203069 1.11626 -0.0845116 -0.971842 1.75138 -0.0754649 -1.54814 2.56857 
-0.752256 0.236157 0.615098 -0.779799 -0.761643 0.554766 -0.172342 -0.200578 1.11711 -0.107385 -0.972014 1.75011 -0.108833 -1.54905 2.56683 
-0.750592 0.233633 0.618088 -0.789799 -0.76374 0.557162 -0.185186 -0.197985 1.11787 -0.130318 -0.972055 1.7486 -0.142284 -1.54978 2.56475 
-0.748923 0.231036 0.621081 -0.799804 -0.765772 0.559542 -0.198059 -0.19529 1.11854 -0.153308 -0.971965 1.74687 -0.175812 -1.55033 2.56233 
-0.74725 0.228364 0.624077 -0.809814 -0.76774 0.561908 -0.210959 -0.192493 1.11913 -0.176352 -0.971741 1.7449 -0.209412 -1.55072 2.55957 
-0.745574 0.225616 0.627074 -0.819825 -0.769644 0.564259 -0.223886 -0.189593 1.11962 -0.199445 -0.971384 1.7427 -0.243078 -1.55092 2.55647 
-0.743893 0.222793 0.630072 -0.829836 -0.771484 0.566597 -0.236838 -0.18659 1.12002 -0.222585 -0.970891 1.74026 -0.276804 -1.55095 2.55302 
-0.74221 0.219894 0.633069 -0.839845 -0.773261 0.568922 -0.249815 -0.183486 1.12034 -0.245767 -0.970262 1.73758 -0.310585 -1.5508 2.54922 
-0.740522 0.216917 0.636064 -0.84985 -0.774974 0.571235 -0.262817 -0.180278 1.12056 -0.268987 -0.969496 1.73466 -0.344414 -1.55047 2.54508 
-0.738832 0.213864 0.639056 -0.859848 -0.776624 0.573538 -0.275842 -0.176968 1.12069 -0.292243 -0.96859 1.7315 -0.378287 -1.54996 2.54058 
-0.737139 0.210733 0.642045 -0.869839 -0.778211 0.57583 -0.288889 -0.173555 1.12073 -0.315529 -0.967545 1.72809 -0.412196 -1.54926 2.53572 
-0.735442 0.207524 0.645029 -0.879819 -0.779736 0.578114 -0.301959 -0.17004 1.12068 -0.338842 -0.966358 1.72445 -0.446137 -1.54838 2.53051 
-0.733743 0.204236 0.648006 -0.889786 -0.781199 0.580389 -0.31505 -0.166422 1.12053 -0.362177 -0.96503 1.72055 -0.480102 -1.54731 2.52494 
-0.732041 0.200871 0.650976 -0.899739 -0.7826 0.582658 -0.328162 -0.162702 1.12029 -0.385532 -0.963558 1.71641 -0.514086 -1.54606 2.51901 
-0.730337 0.197426 0.653937 -0.909675 -0.78394 0.58492 -0.341294 -0.158879 1.11996 -0.408902 -0.961943 1.71202 -0.548082 -1.54462 2.51272 
-0.72863 0.193903 0.656889 -0.919592 -0.785218 0.587178 -0.354446 -0.154953 1.11953 -0.432282 -0.960182 1.70738 -0.582084 -1.54298 2.50607 
-0.726921 0.1903 0.659829 -0.929488 -0.786436 0.589432 -0.367616 -0.150925 1.11901 -0.455668 -0.958276 1.70249 -0.616085 -1.54116 2.49905 
-0.72521 0.186619 0.662757 -0.939361 -0.787594 0.591683 -0.380806 -0.146795 1.11839 -0.479057 -0.956222 1.69735 -0.65008 -1.53915 2.49167 
-0.723497 0.182859 0.66567 -0.949208 -0.788692 0.593933 -0.394014 -0.142563 1.11767 -0.502443 -0.95402 1.69195 -0.684061 -1.53694 2.48392 
-0.721781 0.17902 0.668569 -0.959027 -0.789731 0.596183 -0.40724 -0.138228 1.11686 -0.525824 -0.95167 1.6863 -0.718021 -1.53455 2.47581 
-0.720065 0.175103 0.671452 -0.968815 -0.790711 0.598434 -0.420484 -0.133792 1.11594 -0.549193 -0.949171 1.6804 -0.751956 -1.53195 2.46732 
-0.718346 0.171107 0.674316 -0.978571 -0.791631 0.600688 -0.433745 -0.129253 1.11493 -0.572547 -0.946522 1.67424 -0.785856 -1.52917 2.45847 
-0.716626 0.167034 0.677162 -0.988293 -0.792494 0.602946 -0.447023 -0.124613 1.11382 -0.595882 -0.943721 1.66782 -0.819716 -1.52619 2.44925 
-0.714904 0.162883 0.679987 -0.997977 -0.793299 0.605209 -0.460318 -0.119872 1.1126 -0.619193 -0.940769 1.66114 -0.853529 -1.52301 2.43966 
-0.713181 0.158655 0.68279 -1.00762 -0.794046 0.60748 -0.47363 -0.115029 1.11128 -0.642476 -0.937665 1.65421 -0.887289 -1.51964 2.42969 
-0.711457 0.154351 0.68557 -1.01722 -0.794735 0.609758 -0.486958 -0.110085 1.10986 -0.665725 -0.934409 1.64702 -0.920987 -1.51608 2.41936 
-0.709731 0.149971 0.688325 -1.02678 -0.795368 0.612047 -0.500303 -0.10504 1.10833 -0.688937 -0.931 1.63957 -0.954617 -1.51232 2.40865 
-0.708004 0.145516 0.691054 -1.03629 -0.795945 0.614347 -0.513665 -0.0998937 1.10669 -0.712106 -0.927437 1.63186 -0.988173 -1.50836 2.39758 
-0.706276 0.140988 0.693756 -1.04575 -0.796464 0.616661 -0.527043 -0.0946472 1.10494 -0.735229 -0.92372 1.62389 -1.02165 -1.5042 2.38613 
-0.704547 0.136387 0.696429 -1.05516 -0.796928 0.618991 -0.540437 -0.0893004 1.10308 -0.758301 -0.919849 1.61566 -1.05503 -1.49985 2.37431 
-0.702816 0.131714 0.699072 -1.06452 -0.797336 0.621337 -0.553848 -0.0838535 1.10111 -0.781316 -0.915825 1.60717 -1.08832 -1.49531 2.36212 
-0.701084 0.126972 0.701683 -1.07381 -0.797688 0.623702 -0.567276 -0.0783068 1.09903 -0.804271 -0.911646 1.59842 -1.1215 -1.49056 2.34956 
-0.699351 0.12216 0.704263 -1.08305 -0.797985 0.626089 -0.580721 -0.0726606 1.09682 -0.82716 -0.907312 1.58941 -1.15458 -1.48563 2.33664 
-0.697616 0.117282 0.706808 -1.09223 -0.798225 0.628498 -0.594183 -0.0669153 1.0945 -0.84998 -0.902825 1.58013 -1.18754 -1.48049 2.32334 
-0.695879 0.112338 0.709319 -1.10134 -0.79841 0.630933 -0.607662 -0.0610711 1.09206 -0.872724 -0.898184 1.57059 -1.22037 -1.47517 2.30967 
-0.69414 0.107332 0.711793 -1.11038 -0.798539 0.633396 -0.621158 -0.0551285 1.08949 -0.895389 -0.893389 1.5608 -1.25307 -1.46965 2.29564 
-0.692399 0.102264 0.714231 -1.11935 -0.798612 0.635888 -0.634672 -0.0490878 1.0868 -0.91797 -0.888441 1.55074 -1.28563 -1.46393 2.28124 
-0.690655 0.0971366 0.716631 -1.12825 -0.798627 0.638413 -0.648204 -0.0429495 1.08397 -0.940461 -0.883341 1.54041 -1.31804 -1.45803 2.26648 
-0.688909 0.0919532 0.718992 -1.13708 -0.798586 0.640972 -0.661754 -0.0367142 1.08101 -0.962859 -0.878088 1.52983 -1.35031 -1.45193 2.25135 
-0.687159 0.0867161 0.721313 -1.14583 -0.798486 0.643569 -0.675321 -0.0303824 1.07792 -0.985159 -0.872685 1.51898 -1.3824 -1.44565 2.23586 
-0.685405 0.0814281 0.723594 -1.15449 -0.798328 0.646206 -0.688907 -0.0239546 1.07468 -1.00735 -0.867132 1.50787 -1.41434 -1.43917 2.22001 
-0.683647 0.0760923 0.725835 -1.16308 -0.798109 0.648886 -0.702511 -0.0174316 1.0713 -1.02944 -0.861431 1.4965 -1.44609 -1.43251 2.2038 
-0.681884 0.0707119 0.728034 -1.17158 -0.797829 0.651611 -0.716133 -0.0108141 1.06778 -1.05142 -0.855582 1.48486 -1.47766 -1.42566 2.18724 
-0.680115 0.0652904 0.730192 -1.17999 -0.797485 0.654385 -0.729773 -0.00410291 1.0641 -1.07328 -0.849587 1.47297 -1.50905 -1.41863 2.17032 
-0.678339 0.0598315 0.732309 -1.18831 -0.797076 0.657211 -0.743431 0.00270099 1.06027 -1.09501 -0.843449 1.4608 -1.54023 -1.41142 2.15304 
-0.676556 0.0543389 0.734384 -1.19654 -0.7966 0.660092 -0.757107 0.00959659 1.05627 -1.11662 -0.837168 1.44838 -1.57121 -1.40402 2.13542 
-0.674764 0.0488168 0.736418 -1.20468 -0.796054 0.663031 -0.7708 0.0165827 1.05211 -1.1381 -0.830748 1.43569 -1.60198 -1.39645 2.11745 
-0.672962 0.0432694 0.738411 -1.21272 -0.795435 0.66603 -0.784509 0.0236582 1.04778 -1.15944 -0.824191 1.42274 -1.63253 -1.3887 2.09913 
-0.671149 0.0377011 0.740364 -1.22066 -0.79474 0.669095 -0.798233 0.0308215 1.04328 -1.18063 -0.817499 1.40952 -1.66285 -1.38078 2.08047 
-0.669323 0.0321165 0.742277 -1.22851 -0.793964 0.672227 -0.811972 0.038071 1.0386 -1.20169 -0.810676 1.39603 -1.69294 -1.37269 2.06148 
-0.667483 0.0265203 0.744153 -1.23625 -0.793103 0.67543 -0.825724 0.0454052 1.03374 -1.22259 -0.803724 1.38228 -1.72279 -1.36443 2.04214 
-0.665628 0.0209173 0.745991 -1.24389 -0.792153 0.678707 -0.839488 0.0528219 1.02868 -1.24334 -0.796648 1.36826 -1.75239 -1.35601 2.02247 
-0.663755 0.0153123 0.747793 -1.25144 -0.791109 0.682062 -0.853261 0.0603192 1.02344 -1.26392 -0.78945 1.35398 -1.78173 -1.34742 2.00247 
-0.661864 0.00971044 0.749562 -1.25887 -0.789963 0.685497 -0.867041 0.0678946 1.018 -1.28435 -0.782135 1.33942 -1.81082 -1.33868 1.98214 
-0.659951 0.00411654 0.751298 -1.26621 -0.788711 0.689015 -0.880826 0.0755458 1.01236 -1.3046 -0.774707 1.32459 -1.83963 -1.32978 1.96149 
-0.658015 -0.00146445 0.753004 -1.27344 -0.787344 0.692619 -0.894613 0.0832699 1.00651 -1.32468 -0.767171 1.30949 -1.86817 -1.32073 1.94052 
-0.656054 -0.00702775 0.754681 -1.28057 -0.785856 0.696312 -0.908398 0.091064 1.00046 -1.34458 -0.759531 1.29412 -1.89642 -1.31153 1.91923 
-0.654066 -0.0125687 0.756333 -1.2876 -0.784238 0.700095 -0.922177 0.0989249 0.994198 -1.3643 -0.751792 1.27847 -1.92439 -1.30219 1.89764 
-0.652048 -0.0180828 0.757962 -1.29453 -0.782481 0.70397 -0.935947 0.106849 0.987724 -1.38383 -0.743959 1.26255 -1.95206 -1.29271 1.87573 
-0.649999 -0.0235661 0.759569 -1.30136 -0.780577 0.70794 -0.949702 0.114833 0.981037 -1.40317 -0.736037 1.24635 -1.97943 -1.2831 1.85352 
-0.647917 -0.0290146 0.761158 -1.30809 -0.778516 0.712004 -0.963439 0.122873 0.974138 -1.42232 -0.728031 1.22987 -2.00648 -1.27335 1.83101 
-0.645799 -0.034425 0.762731 -1.31473 -0.776289 0.716163 -0.977151 0.130966 0.967026 -1.44126 -0.719948 1.2131 -2.03322 -1.26348 1.80821 
-0.643644 -0.0397945 0.764289 -1.32128 -0.773885 0.720418 -0.990833 0.139106 0.959703 -1.46 -0.711791 1.19606 -2.05964 -1.25349 1.78511 
-0.641451 -0.0451207 0.765836 -1.32774 -0.771294 0.724767 -1.00448 0.147289 0.952172 -1.47853 -0.703566 1.17873 -2.08574 -1.24338 1.76174 
-0.639216 -0.0504019 0.767374 -1.33411 -0.768505 0.72921 -1.01808 0.155513 0.944437 -1.49684 -0.695278 1.16111 -2.11149 -1.23315 1.73808 
-0.63694 -0.0556372 0.768903 -1.34039 -0.76551 0.733744 -1.03164 0.163771 0.936503 -1.51494 -0.686932 1.14321 -2.13691 -1.22282 1.71415 
-0.634622 -0.0608262 0.770426 -1.3466 -0.762297 0.738366 -1.04514 0.172059 0.928376 -1.53282 -0.678532 1.12501 -2.16198 -1.21238 1.68996 
-0.63226 -0.0659693 0.771943 -1.35273 -0.758858 0.743074 -1.05859 0.180374 0.920064 -1.55048 -0.670083 1.10653 -2.18671 -1.20184 1.6655 
-0.629855 -0.0710677 0.773455 -1.35878 -0.755183 0.747864 -1.07196 0.18871 0.911575 -1.5679 -0.661586 1.08776 -2.21108 -1.1912 1.64079 
-0.627407 -0.0761234 0.774962 -1.36476 -0.751265 0.75273 -1.08527 0.197064 0.902919 -1.5851 -0.653047 1.0687 -2.23508 -1.18047 1.61582 
-0.624917 -0.0811388 0.776463 -1.37067 -0.747095 0.757669 -1.0985 0.205431 0.894107 -1.60206 -0.644467 1.04936 -2.25873 -1.16965 1.59062 
-0.622385 -0.0861174 0.777959 -1.37651 -0.742666 0.762674 -1.11164 0.213808 0.88515 -1.61878 -0.635848 1.02972 -2.282 -1.15875 1.56518 
-0.619814 -0.0910631 0.779447 -1.38229 -0.737974 0.76774 -1.12471 0.222191 0.876061 -1.63526 -0.627191 1.0098 -2.3049 -1.14776 1.53951 
-0.617206 -0.0959803 0.780925 -1.388 -0.733014 0.77286 -1.13768 0.230576 0.866852 -1.6515 -0.618498 0.98959 -2.32743 -1.13669 1.51361 
-0.614563 -0.100874 0.782391 -1.39364 -0.727782 0.778028 -1.15056 0.238959 0.857537 -1.66749 -0.609767 0.969098 -2.34957 -1.12555 1.4875 
-0.611889 -0.105749 0.783842 -1.39922 -0.722277 0.783237 -1.16335 0.247338 0.848128 -1.68324 -0.600998 0.948326 -2.37133 -1.11433 1.46118 
-0.609188 -0.110612 0.785274 -1.40473 -0.716496 0.78848 -1.17604 0.25571 0.83864 -1.69874 -0.59219 0.927277 -2.39271 -1.10304 1.43467 
-0.606463 -0.115467 0.786683 -1.41018 -0.710441 0.793751 -1.18864 0.264071 0.829086 -1.71398 -0.583341 0.905954 -2.41369 -1.09167 1.40795 
-0.603718 -0.120321 0.788065 -1.41555 -0.704112 0.799044 -1.20114 0.272419 0.819478 -1.72898 -0.574447 0.88436 -2.43429 -1.08024 1.38106 
-0.60096 -0.125178 0.789416 -1.42085 -0.697512 0.804351 -1.21355 0.280751 0.809828 -1.74372 -0.565505 0.862501 -2.45449 -1.06874 1.35398 
-0.598194 -0.130045 0.790729 -1.42606 -0.690644 0.809667 -1.22587 0.289066 0.80015 -1.7582 -0.556513 0.84038 -2.4743 -1.05718 1.32673 
-0.595424 -0.134925 0.792001 -1.4312 -0.683512 0.814986 -1.2381 0.297359 0.790453 -1.77243 -0.547465 0.818003 -2.49371 -1.04555 1.29932 
-0.592656 -0.139824 0.793226 -1.43625 -0.676121 0.820302 -1.25024 0.305629 0.780749 -1.7864 -0.538357 0.795375 -2.51272 -1.03385 1.27176 
-0.589897 -0.144745 0.794399 -1.44121 -0.668478 0.82561 -1.2623 0.313873 0.771046 -1.80012 -0.529185 0.772501 -2.53134 -1.0221 1.24404 
-0.587153 -0.149692 0.795515 -1.44607 -0.660587 0.830904 -1.27428 0.322089 0.761352 -1.81357 -0.519943 0.749388 -2.54955 -1.01028 1.21619 
-0.585287 -0.153093 0.796242 -1.44933 -0.655048 0.834518 -1.28243 0.327692 0.754729 -1.82263 -0.513575 0.733436 -2.56178 -1.00216 1.19705 
-0.585287 -0.153093 0.796242 -1.44933 -0.655048 0.834518 -1.28243 0.327692 0.754729 -1.82263 -0.513575 0.733436 -2.56178 -1.00216 1.19705 
-0.592296 -0.149212 0.791798 -1.46211 -0.641786 0.821456 -1.28895 0.340089 0.743875 -1.83961 -0.494248 0.717835 -2.57325 -0.990594 1.182 
-0.599364 -0.14542 0.787171 -1.4747 -0.628548 0.808379 -1.29546 0.352411 0.73305 -1.85669 -0.474695 0.702252 -2.58453 -0.979053 1.16691 
-0.606485 -0.141709 0.782379 -1.48714 -0.615364 0.79529 -1.30198 0.364667 0.722252 -1.87387 -0.45491 0.686692 -2.59562 -0.967543 1.15179 
-0.613662 -0.138077 0.777416 -1.49944 -0.602247 0.782193 -1.30852 0.376849 0.71148 -1.89117 -0.434889 0.671168 -2.60653 -0.95606 1.13664 
-0.620893 -0.134524 0.77228 -1.51158 -0.589207 0.769093 -1.31507 0.388949 0.70073 -1.90858 -0.414631 0.655699 -2.61726 -0.9446 1.12146 
-0.62818 -0.131048 0.766966 -1.52358 -0.576256 0.755991 -1.32165 0.400959 0.690001 -1.92613 -0.394133 0.640301 -2.62782 -0.933158 1.10624 
-0.635522 -0.127649 0.76147 -1.53543 -0.563407 0.742892 -1.32828 0.412872 0.679287 -1.9438 -0.373395 0.624992 -2.63822 -0.921726 1.09098 
-0.64292 -0.124326 0.755788 -1.54715 -0.55067 0.729799 -1.33497 0.424681 0.668587 -1.96161 -0.352417 0.609789 -2.64845 -0.910296 1.07568 
-0.650373 -0.121077 0.749916 -1.55872 -0.538056 0.716713 -1.34172 0.43638 0.657895 -1.97956 -0.331203 0.59471 -2.65853 -0.898859 1.06032 
-0.657879 -0.117899 0.743849 -1.57016 -0.525574 0.703639 -1.34854 0.447965 0.647209 -1.99765 -0.309756 0.579771 -2.66846 -0.887404 1.04492 
-0.665438 -0.114793 0.737585 -1.58146 -0.513235 0.690577 -1.35546 0.45943 0.636524 -2.01587 -0.288082 0.564989 -2.67825 -0.875921 1.02945 
-0.673047 -0.111755 0.731118 -1.59264 -0.501046 0.677531 -1.36248 0.470772 0.625836 -2.03422 -0.266187 0.550379 -2.6879 -0.864399 1.01391 
-0.680705 -0.108783 0.724446 -1.60368 -0.489014 0.664502 -1.36962 0.481989 0.615141 -2.05269 -0.244079 0.535954 -2.69743 -0.852824 0.998295 
-0.688408 -0.105875 0.717565 -1.61461 -0.477145 0.651492 -1.37688 0.493081 0.604435 -2.07127 -0.221768 0.521726 -2.70683 -0.841185 0.982601 
-0.696153 -0.103029 0.710471 -1.62542 -0.465444 0.638502 -1.38427 0.504046 0.593715 -2.08995 -0.199264 0.507707 -2.71611 -0.82947 0.96682 
-0.703938 -0.100242 0.703162 -1.63611 -0.453914 0.625533 -1.39181 0.514886 0.582976 -2.10873 -0.176579 0.493904 -2.72528 -0.817668 0.950945 
-0.711757 -0.0975112 0.695634 -1.64669 -0.442557 0.612587 -1.3995 0.525602 0.572215 -2.12758 -0.153724 0.480324 -2.73433 -0.805767 0.934972 
-0.719606 -0.0948346 0.687885 -1.65716 -0.431374 0.599664 -1.40735 0.536198 0.561431 -2.1465 -0.130712 0.466973 -2.74328 -0.793757 0.918896 
-0.72748 -0.0922094 0.679912 -1.66753 -0.420366 0.586765 -1.41537 0.546677 0.550619 -2.16546 -0.107556 0.453853 -2.75212 -0.781627 0.902711 
-0.735376 -0.0896329 0.671714 -1.67779 -0.40953 0.573891 -1.42356 0.557043 0.539779 -2.18447 -0.0842692 0.440967 -2.76086 -0.769369 0.886414 
-0.743286 -0.0871028 0.663287 -1.68795 -0.398865 0.561041 -1.43193 0.567301 0.528908 -2.20349 -0.0608647 0.428313 -2.76949 -0.756974 0.870002 
-0.751206 -0.0846165 0.65463 -1.69802 -0.388368 0.548217 -1.44048 0.577456 0.518006 -2.22253 -0.0373553 0.415891 -2.77802 -0.744435 0.853471 
-0.759129 -0.0821718 0.64574 -1.70799 -0.378035 0.535419 -1.44922 0.587513 0.50707 -2.24156 -0.013754 0.403698 -2.78645 -0.731746 0.836822 
-0.76705 -0.0797664 0.636617 -1.71787 -0.367862 0.522646 -1.45814 0.597479 0.496102 -2.26057 0.00992702 0.39173 -2.79476 -0.718901 0.820051 
-0.774962 -0.0773982 0.627257 -1.72765 -0.357845 0.5099 -1.46724 0.60736 0.485099 -2.27956 0.0336757 0.379982 -2.80297 -0.705895 0.803157 
-0.78286 -0.0750653 0.61766 -1.73734 -0.347977 0.49718 -1.47654 0.617161 0.474063 -2.2985 0.0574804 0.368449 -2.81107 -0.692726 0.786142 
-0.790737 -0.0727658 0.607823 -1.74695 -0.338255 0.484486 -1.48602 0.626888 0.462993 -2.31739 0.0813302 0.357124 -2.81905 -0.679389 0.769004 
-0.798585 -0.0704982 0.597745 -1.75646 -0.328671 0.47182 -1.4957 0.636547 0.45189 -2.33622 0.105215 0.346001 -2.82692 -0.665883 0.751745 
-0.8064 -0.0682607 0.587424 -1.76588 -0.319221 0.45918 -1.50555 0.646145 0.440755 -2.35499 0.129123 0.335073 -2.83467 -0.652206 0.734366 
-0.814173 -0.0660522 0.576858 -1.77521 -0.309897 0.446569 -1.5156 0.655686 0.429589 -2.37367 0.153047 0.324333 -2.84229 -0.638356 0.716866 
-0.821899 -0.0638713 0.566047 -1.78445 -0.300695 0.433985 -1.52583 0.665177 0.418392 -2.39227 0.176977 0.313774 -2.84978 -0.624333 0.69925 
-0.82957 -0.0617169 0.554987 -1.79359 -0.291609 0.421429 -1.53624 0.674622 0.407165 -2.41079 0.200905 0.303389 -2.85714 -0.610136 0.681517 
-0.83718 -0.0595881 0.543676 -1.80264 -0.282631 0.408902 -1.54683 0.684026 0.395911 -2.42921 0.224822 0.293169 -2.86437 -0.595766 0.66367 
-0.844722 -0.0574841 0.532115 -1.81159 -0.273757 0.396404 -1.5576 0.693395 0.384629 -2.44753 0.24872 0.283108 -2.87145 -0.581223 0.645711 
-0.852188 -0.0554042 0.520299 -1.82044 -0.264981 0.383937 -1.56854 0.702732 0.373322 -2.46574 0.272594 0.273199 -2.87839 -0.566508 0.627643 
-0.859572 -0.0533477 0.508227 -1.82918 -0.256296 0.3715 -1.57966 0.712042 0.36199 -2.48385 0.296435 0.263435 -2.88518 -0.551621 0.609468 
-0.866866 -0.0513143 0.495898 -1.83781 -0.247697 0.359094 -1.59095 0.72133 0.350636 -2.50186 0.320237 0.253809 -2.89182 -0.536563 0.591189 
-0.874062 -0.0493036 0.48331 -1.84633 -0.239179 0.346721 -1.6024 0.730598 0.33926 -2.51975 0.343994 0.244315 -2.89829 -0.521336 0.572808 
-0.881154 -0.0473154 0.47046 -1.85473 -0.230736 0.334381 -1.61401 0.73985 0.327864 -2.53753 0.3677 0.234946 -2.90461 -0.50594 0.554328 
-0.888134 -0.0453494 0.457346 -1.86301 -0.222363 0.322075 -1.62579 0.749089 0.316449 -2.55519 0.39135 0.225696 -2.91076 -0.490376 0.535751 
-0.894993 -0.0434057 0.443967 -1.87116 -0.214054 0.309804 -1.63772 0.758319 0.305016 -2.57275 0.414937 0.216559 -2.91673 -0.474647 0.517082 
-0.901724 -0.0414841 0.430321 -1.87916 -0.205805 0.297569 -1.64981 0.767543 0.293568 -2.59019 0.438457 0.20753 -2.92254 -0.458752 0.498321 
-0.908318 -0.0395849 0.416407 -1.88703 -0.197609 0.285372 -1.66205 0.776761 0.282105 -2.60751 0.461904 0.198602 -2.92816 -0.442693 0.479473 
-0.914767 -0.037708 0.402222 -1.89473 -0.189463 0.273213 -1.67444 0.785977 0.270628 -2.62473 0.485274 0.189772 -2.9336 -0.426472 0.46054 
-0.921061 -0.0358537 0.387767 -1.90228 -0.181362 0.261093 -1.68697 0.795193 0.259139 -2.64183 0.508562 0.181033 -2.93886 -0.410088 0.441525 
-0.927193 -0.0340222 0.373039 -1.90965 -0.1733 0.249014 -1.69965 0.804409 0.247638 -2.65882 0.531762 0.172381 -2.94392 -0.393544 0.422432 
-0.933152 -0.0322137 0.358038 -1.91684 -0.165272 0.236977 -1.71247 0.813628 0.236128 -2.6757 0.554871 0.163811 -2.94879 -0.376839 0.403262 
-0.938929 -0.0304284 0.342765 -1.92384 -0.157275 0.224982 -1.72542 0.82285 0.224609 -2.69247 0.577884 0.155319 -2.95346 -0.359975 0.384019 
-0.944514 -0.0286665 0.32722 -1.93062 -0.149302 0.213031 -1.7385 0.832076 0.213082 -2.70914 0.600797 0.1469 -2.95793 -0.342951 0.364707 
-0.949897 -0.0269283 0.311404 -1.93719 -0.14135 0.201124 -1.75172 0.841306 0.201549 -2.7257 0.623605 0.13855 -2.9622 -0.325769 0.345327 
-0.955067 -0.0252138 0.295319 -1.94352 -0.133413 0.189263 -1.76506 0.850539 0.190009 -2.74216 0.646303 0.130264 -2.96626 -0.308429 0.325884 
-0.960013 -0.0235232 0.278969 -1.94961 -0.125487 0.177447 -1.77852 0.859775 0.178465 -2.75851 0.668888 0.122039 -2.9701 -0.29093 0.30638 
-0.964724 -0.0218563 0.262357 -1.95543 -0.117565 0.165676 -1.79211 0.869013 0.166916 -2.77477 0.691355 0.113871 -2.97373 -0.273273 0.286818 
-0.969189 -0.0202133 0.245488 -1.96097 -0.109644 0.153952 -1.80582 0.878251 0.155363 -2.79094 0.713701 0.105756 -2.97714 -0.255456 0.267202 
-0.973397 -0.0185936 0.228371 -1.96621 -0.101717 0.142273 -1.81964 0.887486 0.143808 -2.80701 0.73592 0.09769 -2.98032 -0.237481 0.247534 
-0.977336 -0.0169971 0.211012 -1.97114 -0.0937788 0.130639 -1.83357 0.896716 0.132251 -2.82299 0.758008 0.0896696 -2.98328 -0.219345 0.227819 
-0.980995 -0.0154231 0.193421 -1.97574 -0.0858238 0.119049 -1.84761 0.905936 0.120692 -2.83888 0.779962 0.0816911 -2.98602 -0.201049 0.208058 
-0.984362 -0.0138707 0.175612 -1.97999 -0.0778456 0.107501 -1.86176 0.915142 0.109132 -2.85468 0.801777 0.0737509 -2.98851 -0.18259 0.188257 
-0.987427 -0.0123391 0.157596 -1.98387 -0.0698376 0.0959934 -1.87601 0.92433 0.0975705 -2.8704 0.823448 0.0658453 -2.99078 -0.163967 0.168417 
-0.990178 -0.010827 0.13939 -1.98737 -0.061793 0.0845233 -1.89036 0.933491 0.086009 -2.88604 0.844972 0.0579707 -2.9928 -0.145179 0.148543 
-0.992607 -0.00933286 0.121011 -1.99047 -0.0537044 0.073088 -1.90481 0.942621 0.0744473 -2.9016 0.866343 0.0501236 -2.99458 -0.126224 0.128638 
-0.994704 -0.00785494 0.102478 -1.99316 -0.0455641 0.0616837 -1.91936 0.951709 0.0628855 -2.91709 0.887558 0.0423002 -2.99612 -0.1071 0.108707 
-0.996461 -0.00639123 0.0838144 -1.99542 -0.0373637 0.0503066 -1.934 0.960748 0.0513238 -2.93249 0.908611 0.034497 -2.9974 -0.0878041 0.0887521 
-0.99787 -0.00493943 0.0650416 -1.99724 -0.0290946 0.0389519 -1.94872 0.969728 0.0397623 -2.94783 0.929498 0.0267101 -2.99843 -0.0683339 0.0687786 
-0.998927 -0.003497 0.0461849 -1.99861 -0.0207477 0.0276148 -1.96353 0.978637 0.0282009 -2.96309 0.950215 0.0189358 -2.99921 -0.0486866 0.0487903 
-0.999626 -0.00206115 0.0272702 -1.99951 -0.0123133 0.0162898 -1.97843 0.987464 0.0166396 -2.97827 0.970755 0.01117 -2.99972 -0.0288592 0.0287917 
-0.999965 -0.000628852 0.00832469 -1.99995 -0.0037813 0.00497128 -1.9934 0.996197 0.00507842 -2.99339 0.991115 0.00340883 -2.99997 -0.00884864 0.00878758 
-1 0 0 -2 0 0 -2 1 0 -3 1 0 -3 0 0 

