1 0 0 2 0 0 2 -1 0 3 -1 0 3 0 0 
1 0 0 2 0 0 2 -1 0 3 -1 0 3 0 0 
0.999942 -0.00439639 0.00983308 1.99993 -0.00337864 0.00575983 1.99668 -1.00336 0.0118154 2.99661 -1.00434 0.0236589 2.99987 -0.00435773 0.0280652 
0.999765 -0.00884016 0.019784 1.99973 -0.00675957 0.0114317 1.99342 -1.00667 0.0235391 2.99314 -1.00867 0.0472547 2.99946 -0.00872874 0.0562276 
0.999466 -0.0133297 0.0298493 1.99938 -0.0101417 0.0170154 1.99022 -1.00993 0.0351717 2.98958 -1.01298 0.0707845 2.99878 -0.0131129 0.0844846 
0.999039 -0.0178631 0.0400253 1.99888 -0.0135241 0.0225109 1.98708 -1.01316 0.0467141 2.98594 -1.01727 0.0942449 2.99783 -0.0175102 0.112833 
0.998482 -0.0224384 0.0503073 1.99822 -0.0169057 0.0279182 1.98401 -1.01635 0.058167 2.98222 -1.02154 0.117633 2.99659 -0.0219207 0.141272 
0.99779 -0.0270533 0.0606903 1.99739 -0.0202857 0.0332377 1.981 -1.01949 0.0695312 2.97842 -1.02579 0.140945 2.99508 -0.0263444 0.169796 
0.99696 -0.0317053 0.0711687 1.99639 -0.0236632 0.0384696 1.97805 -1.0226 0.0808076 2.97454 -1.03002 0.164178 2.99327 -0.0307814 0.198405 
0.995989 -0.0363917 0.0817363 1.99522 -0.0270375 0.0436146 1.97518 -1.02567 0.0919971 2.97059 -1.03423 0.187329 2.99118 -0.0352322 0.227094 
0.994874 -0.0411096 0.0923863 1.99386 -0.0304081 0.0486734 1.97238 -1.02869 0.103101 2.96656 -1.03842 0.210394 2.98881 -0.0396969 0.255861 
0.993612 -0.0458561 0.103111 1.99232 -0.0337742 0.0536469 1.96966 -1.03169 0.114119 2.96246 -1.04258 0.233369 2.98613 -0.0441761 0.284704 
0.992201 -0.0506278 0.113904 1.99058 -0.0371356 0.0585363 1.96701 -1.03464 0.125054 2.95829 -1.04671 0.256252 2.98317 -0.0486703 0.313619 
0.990638 -0.0554213 0.124756 1.98864 -0.0404919 0.0633426 1.96443 -1.03756 0.135905 2.95405 -1.05082 0.279038 2.9799 -0.05318 0.342604 
0.988923 -0.0602352 0.135664 1.98653 -0.0438026 0.0680624 1.96193 -1.04049 0.146677 2.94975 -1.05492 0.301724 2.97635 -0.0576872 0.371659 
0.987053 -0.0650623 0.146609 1.98419 -0.0471494 0.072707 1.95953 -1.04333 0.157365 2.94539 -1.05897 0.324306 2.97248 -0.0622311 0.400774 
0.985029 -0.0699006 0.157588 1.98164 -0.0504909 0.0772729 1.9572 -1.04615 0.167973 2.94096 -1.06299 0.34678 2.9683 -0.0667931 0.429949 
0.982849 -0.0747462 0.16859 1.97888 -0.0538275 0.081762 1.95497 -1.04893 0.178501 2.93648 -1.06697 0.369143 2.96382 -0.0713745 0.459182 
0.980514 -0.0795955 0.179607 1.97592 -0.0571595 0.0861758 1.95282 -1.05167 0.188952 2.93194 -1.07092 0.391391 2.95902 -0.0759764 0.488469 
0.978024 -0.0844447 0.19063 1.97275 -0.0604875 0.0905163 1.95076 -1.05438 0.199325 2.92736 -1.07483 0.41352 2.9539 -0.0806003 0.517807 
0.975381 -0.0892902 0.201649 1.96936 -0.0638121 0.0947852 1.94879 -1.05705 0.209622 2.92273 -1.07869 0.435527 2.94847 -0.0852479 0.547193 
0.972584 -0.0941285 0.212656 1.96577 -0.0671342 0.0989844 1.94692 -1.05969 0.219843 2.91805 -1.08251 0.457406 2.94272 -0.0899207 0.576625 
0.969636 -0.0989559 0.223642 1.96197 -0.0704548 0.103116 1.94515 -1.0623 0.229989 2.91334 -1.08629 0.479156 2.93664 -0.0946208 0.606097 
0.966539 -0.103769 0.234599 1.95797 -0.0737748 0.107181 1.94348 -1.06487 0.240062 2.90859 -1.09001 0.500771 2.93024 -0.0993503 0.635608 
0.963295 -0.108565 0.245518 1.95377 -0.0770956 0.111181 1.9419 -1.0674 0.25006 2.90381 -1.09368 0.522247 2.92351 -0.104112 0.665154 
0.959906 -0.11334 0.256392 1.94937 -0.0804184 0.115119 1.94043 -1.06989 0.259986 2.89901 -1.09729 0.543582 2.91645 -0.108907 0.69473 
0.956376 -0.118092 0.267213 1.94477 -0.0837447 0.118996 1.93907 -1.07235 0.26984 2.89419 -1.10084 0.564771 2.90905 -0.11374 0.724334 
0.952706 -0.122817 0.277975 1.93999 -0.0870761 0.122813 1.93781 -1.07476 0.279622 2.88935 -1.10432 0.58581 2.90132 -0.118612 0.753962 
0.948901 -0.127513 0.288671 1.93502 -0.0904143 0.126572 1.93666 -1.07714 0.289332 2.8845 -1.10774 0.606695 2.89325 -0.123528 0.78361 
0.944963 -0.132178 0.299294 1.92987 -0.093761 0.130274 1.93562 -1.07947 0.298972 2.87964 -1.11108 0.627424 2.88483 -0.128491 0.813273 
0.940896 -0.13681 0.309841 1.92454 -0.0971181 0.13392 1.93469 -1.08176 0.308541 2.87478 -1.11433 0.647991 2.87607 -0.133505 0.842948 
0.936703 -0.141405 0.320305 1.91905 -0.100488 0.137512 1.93388 -1.084 0.31804 2.86993 -1.11751 0.668393 2.86697 -0.138573 0.872632 
0.932388 -0.145963 0.330682 1.91339 -0.103871 0.141051 1.93318 -1.08619 0.327468 2.86509 -1.12059 0.688627 2.85751 -0.143701 0.902318 
0.927954 -0.150482 0.340968 1.90757 -0.107272 0.144537 1.9326 -1.08834 0.336827 2.86026 -1.12357 0.708689 2.8477 -0.148894 0.932003 
0.923406 -0.15496 0.351159 1.90159 -0.110691 0.147971 1.93215 -1.09044 0.346115 2.85545 -1.12646 0.728577 2.83754 -0.154155 0.961682 
0.918746 -0.159395 0.361252 1.89547 -0.114131 0.151355 1.93181 -1.09248 0.355334 2.85067 -1.12923 0.748286 2.82701 -0.159491 0.99135 
0.913978 -0.163787 0.371243 1.8892 -0.117595 0.154689 1.93159 -1.09447 0.364483 2.84592 -1.13188 0.767813 2.81613 -0.164909 1.021 
0.909106 -0.168133 0.381131 1.8828 -0.121085 0.157974 1.9315 -1.0964 0.373562 2.84121 -1.13441 0.787156 2.80488 -0.170413 1.05063 
0.904133 -0.172434 0.390913 1.87627 -0.124603 0.16121 1.93154 -1.09828 0.382571 2.83655 -1.1368 0.806311 2.79326 -0.176011 1.08024 
0.899063 -0.176688 0.400588 1.86961 -0.128153 0.164398 1.93171 -1.10009 0.391509 2.83193 -1.13905 0.825277 2.78128 -0.181711 1.10981 
0.893899 -0.180895 0.410153 1.86283 -0.131736 0.167539 1.932 -1.10183 0.400377 2.82737 -1.14115 0.844051 2.76893 -0.187519 1.13934 
0.888644 -0.185053 0.419607 1.85593 -0.135356 0.170632 1.93243 -1.10352 0.409175 2.82287 -1.14308 0.862631 2.7562 -0.193444 1.16883 
0.883302 -0.189163 0.428949 1.84892 -0.139016 0.17368 1.93299 -1.10513 0.417902 2.81845 -1.14485 0.881014 2.7431 -0.199495 1.19826 
0.877876 -0.193222 0.438179 1.84181 -0.142718 0.176681 1.93368 -1.10667 0.426557 2.81409 -1.14643 0.899201 2.72962 -0.20568 1.22764 
0.87237 -0.197232 0.447296 1.8346 -0.146466 0.179636 1.93452 -1.10814 0.435141 2.80981 -1.14781 0.917188 2.71576 -0.21201 1.25695 
0.866785 -0.201192 0.456298 1.82729 -0.150262 0.182547 1.93548 -1.10953 0.443654 2.80562 -1.14899 0.934977 2.70152 -0.218494 1.28618 
0.861126 -0.2051 0.465187 1.81989 -0.154111 0.185413 1.93659 -1.11085 0.452094 2.80152 -1.14995 0.952565 2.6869 -0.225144 1.31533 
0.855395 -0.208958 0.473961 1.81241 -0.158016 0.188235 1.93784 -1.11208 0.460463 2.79751 -1.15068 0.969954 2.6719 -0.23197 1.34439 
0.849595 -0.212764 0.482621 1.80484 -0.16198 0.191014 1.93923 -1.11323 0.468758 2.7936 -1.15116 0.987144 2.65651 -0.238985 1.37334 
0.843728 -0.216519 0.491167 1.79719 -0.166007 0.193751 1.94077 -1.1143 0.476981 2.78979 -1.15138 1.00414 2.64074 -0.246201 1.40218 
0.837799 -0.220222 0.499599 1.78948 -0.1701 0.196446 1.94245 -1.11527 0.485131 2.78608 -1.15133 1.02093 2.62459 -0.253632 1.43089 
0.831808 -0.223872 0.507917 1.78169 -0.174264 0.1991 1.94427 -1.11615 0.493208 2.78249 -1.15098 1.03754 2.60805 -0.261289 1.45947 
0.82576 -0.227471 0.516121 1.77384 -0.178504 0.201713 1.94625 -1.11694 0.501212 2.779 -1.15032 1.05395 2.59113 -0.269189 1.4879 
0.819655 -0.231017 0.524213 1.76593 -0.182823 0.204288 1.94838 -1.11763 0.509143 2.77563 -1.14933 1.07017 2.57382 -0.277345 1.51617 
0.813498 -0.23451 0.532192 1.75796 -0.187225 0.206826 1.95065 -1.11822 0.517 2.77237 -1.148 1.08621 2.55614 -0.285773 1.54426 
0.807306 -0.237945 0.540037 1.74991 -0.191745 0.209346 1.95311 -1.11868 0.524796 2.7692 -1.1463 1.10206 2.53804 -0.294486 1.57214 
0.80105 -0.241332 0.547793 1.74184 -0.196331 0.211812 1.95569 -1.11906 0.532507 2.76616 -1.14423 1.11775 2.51961 -0.303505 1.59983 
0.79475 -0.244667 0.555438 1.73373 -0.201016 0.214245 1.95844 -1.11933 0.540146 2.76323 -1.14175 1.13328 2.5008 -0.312844 1.6273 
0.788406 -0.247948 0.562973 1.72557 -0.205805 0.216646 1.96134 -1.11948 0.547713 2.7604 -1.13884 1.14865 2.48164 -0.32252 1.65453 
0.782021 -0.251175 0.570398 1.71738 -0.210705 0.219018 1.96441 -1.11952 0.55521 2.75767 -1.1355 1.16388 2.46211 -0.332549 1.68149 
0.775599 -0.254349 0.577713 1.70915 -0.215721 0.221363 1.96764 -1.11945 0.562635 2.75503 -1.13169 1.17896 2.44224 -0.34295 1.70817 
0.769141 -0.257469 0.58492 1.7009 -0.22086 0.223683 1.97103 -1.11925 0.569992 2.75247 -1.12739 1.19392 2.42203 -0.353739 1.73454 
0.76265 -0.260535 0.592019 1.69261 -0.226128 0.225982 1.9746 -1.11892 0.577281 2.74998 -1.12259 1.20876 2.40149 -0.364934 1.76059 
0.756128 -0.263546 0.599011 1.68431 -0.231533 0.228262 1.97834 -1.11846 0.584504 2.74754 -1.11726 1.2235 2.38063 -0.376552 1.78628 
0.749578 -0.266503 0.605895 1.67599 -0.237081 0.230527 1.98225 -1.11787 0.591664 2.74515 -1.11138 1.23815 2.35947 -0.388609 1.8116 
0.743003 -0.269405 0.612673 1.66765 -0.242782 0.232781 1.98634 -1.11714 0.598761 2.74278 -1.10493 1.25272 2.33801 -0.401122 1.83652 
0.736405 -0.272251 0.619344 1.65931 -0.248642 0.235028 1.99061 -1.11626 0.6058 2.7404 -1.09789 1.26722 2.31629 -0.414107 1.861 
0.729788 -0.275042 0.625909 1.65095 -0.254671 0.237273 1.99507 -1.11524 0.612782 2.738 -1.09025 1.28169 2.29432 -0.427577 1.88502 
0.723153 -0.277777 0.632368 1.6426 -0.260878 0.23952 1.99973 -1.11406 0.619713 2.73556 -1.08198 1.29612 2.27211 -0.441546 1.90855 
0.716505 -0.280455 0.638722 1.63425 -0.267273 0.241776 2.00457 -1.11272 0.626596 2.73303 -1.07307 1.31054 2.2497 -0.456026 1.93155 
0.709846 -0.283077 0.64497 1.62591 -0.273864 0.244047 2.00962 -1.11121 0.633435 2.73039 -1.0635 1.32497 2.22711 -0.471028 1.954 
0.703181 -0.285642 0.651111 1.61758 -0.280664 0.246338 2.01487 -1.10952 0.640237 2.7276 -1.05326 1.33942 2.20436 -0.486561 1.97587 
0.696511 -0.288149 0.657147 1.60927 -0.287682 0.248659 2.02033 -1.10766 0.647006 2.72462 -1.04235 1.35391 2.18149 -0.50263 1.99712 
0.689843 -0.290598 0.663076 1.60099 -0.294931 0.251016 2.026 -1.10559 0.65375 2.72141 -1.03075 1.36846 2.15853 -0.51924 2.01771 
0.683179 -0.292989 0.668898 1.59273 -0.302422 0.253419 2.03189 -1.10333 0.660475 2.71792 -1.01846 1.38308 2.13551 -0.536391 2.03761 
0.676506 -0.295324 0.674633 1.58452 -0.310141 0.25585 2.03799 -1.10087 0.667171 2.71415 -1.00548 1.39783 2.1125 -0.554084 2.05682 
0.669867 -0.297597 0.680236 1.57634 -0.318153 0.258375 2.04433 -1.09816 0.673885 2.70996 -0.991825 1.41265 2.08949 -0.572308 2.07525 
0.663247 -0.299811 0.685729 1.56821 -0.326446 0.260976 2.0509 -1.0952 0.680608 2.70534 -0.977493 1.4276 2.06655 -0.591057 2.0929 
0.656653 -0.301966 0.691108 1.56014 -0.335033 0.263666 2.05771 -1.09199 0.687349 2.70024 -0.962503 1.44268 2.04371 -0.610319 2.10973 
0.650091 -0.304061 0.696374 1.55213 -0.343926 0.266459 2.06475 -1.0885 0.69412 2.69459 -0.946873 1.45791 2.02102 -0.630077 2.12571 
0.643568 -0.306096 0.701522 1.54419 -0.353141 0.269368 2.07203 -1.08471 0.700934 2.68835 -0.930628 1.47329 1.99853 -0.650309 2.14082 
0.637092 -0.308072 0.70655 1.53632 -0.36269 0.27241 2.07954 -1.08061 0.707802 2.68144 -0.913801 1.48883 1.97629 -0.67099 2.15504 
0.630671 -0.309988 0.711456 1.52855 -0.372588 0.275599 2.08728 -1.07617 0.71474 2.67382 -0.896427 1.50454 1.95434 -0.692092 2.16834 
0.624314 -0.311847 0.716234 1.52087 -0.382846 0.278955 2.09525 -1.07137 0.721761 2.66542 -0.87855 1.52041 1.93274 -0.71358 2.1807 
0.618032 -0.313648 0.720881 1.51331 -0.393479 0.282497 2.10343 -1.06619 0.728881 2.65619 -0.860219 1.53644 1.91152 -0.735416 2.19212 
0.611835 -0.315393 0.725392 1.50586 -0.404498 0.286244 2.11183 -1.06059 0.736116 2.64607 -0.84149 1.55262 1.89073 -0.75756 2.20258 
0.605734 -0.317083 0.729762 1.49854 -0.415915 0.290217 2.12041 -1.05456 0.743483 2.63502 -0.822422 1.56894 1.87043 -0.779965 2.21207 
0.599744 -0.318721 0.733984 1.49136 -0.427738 0.294441 2.12916 -1.04806 0.750997 2.623 -0.803082 1.58538 1.85064 -0.802583 2.2206 
0.593877 -0.320309 0.738052 1.48433 -0.439977 0.298938 2.13807 -1.04106 0.758676 2.60995 -0.783541 1.60193 1.83142 -0.825364 2.22817 
0.588148 -0.321851 0.741958 1.47747 -0.452636 0.303733 2.14709 -1.03355 0.766536 2.59586 -0.763872 1.61857 1.8128 -0.848254 2.23479 
0.582572 -0.323352 0.745695 1.4708 -0.465721 0.308854 2.1562 -1.02548 0.774595 2.58068 -0.744153 1.63525 1.79481 -0.871198 2.24048 
0.577167 -0.324815 0.749253 1.46432 -0.479233 0.314327 2.16536 -1.01685 0.78287 2.56441 -0.724464 1.65197 1.77748 -0.894141 2.24524 
0.571949 -0.326247 0.752625 1.45804 -0.493168 0.32018 2.17453 -1.00761 0.791374 2.54704 -0.704887 1.66867 1.76084 -0.917025 2.24912 
0.566936 -0.327655 0.755799 1.452 -0.507522 0.326442 2.18365 -0.997752 0.800124 2.52855 -0.685502 1.68533 1.74491 -0.939797 2.25213 
0.562147 -0.329045 0.758766 1.44619 -0.522285 0.33314 2.19268 -0.987258 0.809133 2.50896 -0.66639 1.70191 1.7297 -0.962399 2.25432 
0.557601 -0.330428 0.761515 1.44064 -0.537442 0.340304 2.20155 -0.976115 0.818413 2.48829 -0.64763 1.71837 1.71523 -0.984781 2.25571 
0.553314 -0.331813 0.764034 1.43535 -0.552974 0.347961 2.2102 -0.964313 0.827976 2.46654 -0.629297 1.73466 1.7015 -1.00689 2.25635 
0.549307 -0.33321 0.766314 1.43035 -0.568858 0.356139 2.21858 -0.95185 0.83783 2.44377 -0.611465 1.75077 1.68851 -1.02868 2.25627 
0.545597 -0.334631 0.768342 1.42565 -0.585064 0.364862 2.2266 -0.93873 0.847982 2.41999 -0.594199 1.76663 1.67626 -1.0501 2.25554 
0.5422 -0.336089 0.770108 1.42127 -0.601558 0.374152 2.23421 -0.924963 0.858438 2.39527 -0.577562 1.78223 1.66475 -1.07112 2.25418 
0.539131 -0.337595 0.771602 1.4172 -0.618299 0.384032 2.24133 -0.910567 0.869201 2.36965 -0.56161 1.79752 1.65395 -1.09169 2.25226 
0.536405 -0.339165 0.772813 1.41346 -0.635245 0.394517 2.2479 -0.895565 0.880272 2.34319 -0.546391 1.81248 1.64386 -1.11179 2.24981 
0.534031 -0.34081 0.773731 1.41007 -0.652345 0.40562 2.25384 -0.87999 0.89165 2.31595 -0.531947 1.82707 1.63446 -1.13137 2.2469 
0.53202 -0.342545 0.77435 1.40702 -0.669549 0.417352 2.25911 -0.863879 0.903334 2.288 -0.518314 1.84129 1.62572 -1.15043 2.24356 
0.530378 -0.344382 0.774661 1.40431 -0.6868 0.429716 2.26364 -0.847275 0.915318 2.25939 -0.50552 1.8551 1.61762 -1.16893 2.23985 
0.52911 -0.346335 0.774658 1.40195 -0.704042 0.442714 2.26738 -0.830229 0.927598 2.23019 -0.493586 1.8685 1.61014 -1.18685 2.2358 
0.528215 -0.348413 0.774337 1.39993 -0.721216 0.45634 2.27029 -0.812793 0.940166 2.20048 -0.482527 1.88147 1.60325 -1.2042 2.23148 
0.527819 -0.349902 0.773935 1.39875 -0.732815 0.46595 2.27178 -0.800755 0.948865 2.18003 -0.475519 1.89004 1.59889 -1.21564 2.2284 
0.527819 -0.349902 0.773935 1.39875 -0.732815 0.46595 2.27178 -0.800755 0.948865 2.18003 -0.475519 1.89004 1.59889 -1.21564 2.2284 
0.511869 -0.344747 0.786855 1.37458 -0.73134 0.460854 2.24787 -0.793275 0.944092 2.16573 -0.473371 1.88797 1.59494 -1.22048 2.22859 
0.495829 -0.339462 0.799324 1.35013 -0.729692 0.455978 2.22377 -0.785715 0.939313 2.15144 -0.471318 1.88584 1.59108 -1.22527 2.22871 
0.479696 -0.334057 0.811355 1.32544 -0.727881 0.45132 2.1995 -0.778079 0.934537 2.13716 -0.469361 1.88365 1.58733 -1.23 2.22879 
0.463468 -0.328539 0.822958 1.30052 -0.725914 0.446876 2.17507 -0.770369 0.929773 2.12288 -0.4675 1.88138 1.58367 -1.23467 2.22881 
0.447138 -0.322913 0.834143 1.2754 -0.723802 0.442642 2.1505 -0.762588 0.925032 2.10862 -0.465736 1.87904 1.58011 -1.23927 2.22878 
0.430703 -0.317185 0.844919 1.2501 -0.72155 0.438613 2.1258 -0.754739 0.920319 2.09437 -0.464069 1.87663 1.57665 -1.24382 2.22869 
0.414157 -0.311359 0.855295 1.22463 -0.719168 0.434786 2.10099 -0.746823 0.915642 2.08012 -0.4625 1.87414 1.57328 -1.24831 2.22856 
0.397495 -0.305439 0.865277 1.19902 -0.71666 0.431156 2.07608 -0.738844 0.911009 2.06588 -0.46103 1.87159 1.57001 -1.25274 2.22838 
0.38071 -0.299427 0.874873 1.17327 -0.714034 0.427718 2.05109 -0.730802 0.906423 2.05165 -0.459659 1.86896 1.56684 -1.25711 2.22816 
0.363798 -0.293327 0.884088 1.14741 -0.711295 0.424468 2.02601 -0.722699 0.901891 2.03743 -0.458388 1.86626 1.56376 -1.26142 2.22788 
0.346751 -0.287139 0.892925 1.12145 -0.708449 0.4214 2.00087 -0.714536 0.897418 2.02321 -0.457217 1.86349 1.56078 -1.26567 2.22757 
0.329563 -0.280864 0.90139 1.0954 -0.705501 0.41851 1.97566 -0.706314 0.893008 2.00901 -0.456148 1.86064 1.55789 -1.26986 2.22721 
0.312228 -0.274503 0.909484 1.06928 -0.702457 0.415793 1.9504 -0.698035 0.888664 1.9948 -0.455181 1.85771 1.5551 -1.27398 2.2268 
0.29474 -0.268057 0.91721 1.04309 -0.699321 0.413244 1.92509 -0.689698 0.884392 1.9806 -0.454316 1.85471 1.5524 -1.27804 2.22636 
0.277091 -0.261523 0.924568 1.01685 -0.696099 0.410858 1.89975 -0.681306 0.880194 1.96641 -0.453555 1.85163 1.5498 -1.28203 2.22587 
0.259276 -0.254903 0.931558 0.990573 -0.692795 0.408628 1.87437 -0.672859 0.876073 1.95222 -0.452899 1.84847 1.54729 -1.28596 2.22535 
0.241287 -0.248193 0.93818 0.964263 -0.689413 0.40655 1.84897 -0.664357 0.872033 1.93803 -0.452347 1.84523 1.54488 -1.28983 2.22479 
0.223118 -0.241393 0.94443 0.937934 -0.68596 0.404618 1.82354 -0.655801 0.868077 1.92384 -0.451902 1.84192 1.54257 -1.29363 2.22418 
0.204763 -0.234499 0.950306 0.911596 -0.682439 0.402825 1.7981 -0.647192 0.864208 1.90965 -0.451564 1.83852 1.54036 -1.29736 2.22355 
0.186215 -0.227511 0.955805 0.885259 -0.678855 0.401165 1.77264 -0.638529 0.860427 1.89546 -0.451334 1.83504 1.53824 -1.30103 2.22287 
0.167468 -0.220423 0.96092 0.858931 -0.675213 0.399632 1.74718 -0.629814 0.856738 1.88127 -0.451214 1.83148 1.53622 -1.30462 2.22216 
0.148517 -0.213233 0.965647 0.832623 -0.671518 0.398219 1.72172 -0.621047 0.853143 1.86708 -0.451205 1.82783 1.53429 -1.30814 2.22142 
0.129357 -0.205938 0.969977 0.806344 -0.667775 0.39692 1.69626 -0.612228 0.849643 1.85288 -0.451309 1.82411 1.53247 -1.31159 2.22064 
0.109982 -0.198533 0.973904 0.780103 -0.663988 0.395726 1.67081 -0.603357 0.846243 1.83868 -0.451526 1.82029 1.53074 -1.31497 2.21984 
0.0903894 -0.191014 0.977417 0.75391 -0.660163 0.39463 1.64537 -0.594435 0.842942 1.82446 -0.451859 1.81639 1.52912 -1.31828 2.219 
0.0705745 -0.183377 0.980506 0.727772 -0.656306 0.393625 1.61994 -0.585461 0.839745 1.81024 -0.45231 1.8124 1.5276 -1.3215 2.21812 
0.0505348 -0.175617 0.983161 0.701699 -0.652421 0.392701 1.59452 -0.576436 0.836652 1.79601 -0.45288 1.80832 1.52618 -1.32465 2.21722 
0.0302686 -0.167728 0.985369 0.6757 -0.648515 0.391852 1.56913 -0.567359 0.833666 1.78176 -0.453573 1.80415 1.52486 -1.32772 2.21629 
0.00977511 -0.159707 0.987116 0.649784 -0.644593 0.391068 1.54376 -0.558232 0.830789 1.7675 -0.454389 1.79989 1.52365 -1.33071 2.21534 
-0.0109454 -0.151547 0.988389 0.62396 -0.640661 0.39034 1.51841 -0.549053 0.828023 1.75322 -0.455332 1.79554 1.52254 -1.33361 2.21435 
-0.0318914 -0.143245 0.989173 0.598236 -0.636725 0.389659 1.49309 -0.539823 0.82537 1.73892 -0.456405 1.79109 1.52154 -1.33643 2.21334 
-0.0530598 -0.134795 0.989452 0.572621 -0.632792 0.389017 1.4678 -0.530541 0.822833 1.7246 -0.45761 1.78654 1.52065 -1.33916 2.2123 
-0.0744462 -0.126192 0.989208 0.547124 -0.628868 0.388404 1.44254 -0.521208 0.820414 1.71026 -0.458952 1.7819 1.51986 -1.3418 2.21124 
-0.0960444 -0.117432 0.988426 0.521754 -0.62496 0.38781 1.41732 -0.511823 0.818115 1.69588 -0.460433 1.77716 1.5192 -1.34434 2.21016 
-0.117846 -0.10851 0.987086 0.496521 -0.621074 0.387226 1.39213 -0.502386 0.81594 1.68148 -0.462059 1.77231 1.51864 -1.34679 2.20905 
-0.139843 -0.0994229 0.98517 0.471431 -0.617218 0.386644 1.36698 -0.492897 0.81389 1.66705 -0.463832 1.76736 1.5182 -1.34913 2.20792 
-0.162021 -0.0901671 0.982659 0.446496 -0.613397 0.386054 1.34187 -0.483355 0.811968 1.65258 -0.465758 1.76231 1.51788 -1.35137 2.20677 
-0.184394 -0.0807092 0.979534 0.421733 -0.609651 0.385406 1.3168 -0.473757 0.810164 1.63808 -0.467812 1.75716 1.51767 -1.35353 2.2056 
-0.206892 -0.0711098 0.975777 0.397131 -0.605922 0.384777 1.29177 -0.464109 0.80851 1.62352 -0.470061 1.75188 1.51759 -1.35555 2.20441 
-0.229523 -0.0613357 0.97137 0.372709 -0.60225 0.384116 1.26678 -0.454408 0.806995 1.60892 -0.472479 1.74649 1.51764 -1.35746 2.2032 
-0.252269 -0.0513865 0.966293 0.348477 -0.598642 0.383415 1.24182 -0.444653 0.805623 1.59426 -0.475076 1.74099 1.51782 -1.35924 2.20198 
-0.275106 -0.0412629 0.960529 0.324444 -0.595104 0.382669 1.21691 -0.434844 0.804399 1.57955 -0.477857 1.73536 1.51814 -1.36089 2.20074 
-0.298009 -0.0309666 0.954062 0.300619 -0.591643 0.381872 1.19204 -0.424981 0.803327 1.56477 -0.480833 1.72961 1.51859 -1.36241 2.19949 
-0.32095 -0.0205008 0.946875 0.277011 -0.588264 0.38102 1.16722 -0.415065 0.802414 1.54992 -0.484012 1.72373 1.51918 -1.36379 2.19822 
-0.343902 -0.00986958 0.938954 0.253629 -0.584974 0.380108 1.14243 -0.405096 0.801665 1.53501 -0.487405 1.71772 1.51992 -1.36503 2.19695 
-0.366832 0.000921271 0.930287 0.230483 -0.581776 0.379136 1.11769 -0.395074 0.801087 1.52001 -0.491024 1.71157 1.52081 -1.3661 2.19566 
-0.389708 0.0118647 0.920863 0.207582 -0.578676 0.378102 1.09299 -0.385001 0.800687 1.50492 -0.494881 1.70528 1.52186 -1.36701 2.19437 
-0.412494 0.0229521 0.910671 0.184934 -0.575677 0.377007 1.06833 -0.374878 0.800474 1.48973 -0.498992 1.69884 1.52307 -1.36775 2.19307 
-0.435156 0.0341732 0.899707 0.16255 -0.572781 0.375853 1.04371 -0.364708 0.800458 1.47445 -0.503373 1.69225 1.52445 -1.36829 2.19177 
-0.457655 0.0455166 0.887964 0.14044 -0.569989 0.374644 1.01914 -0.354493 0.800649 1.45905 -0.508041 1.68549 1.52601 -1.36864 2.19047 
-0.479953 0.0569687 0.875443 0.118612 -0.567302 0.373386 0.994609 -0.344239 0.80106 1.44353 -0.513018 1.67857 1.52776 -1.36877 2.18917 
-0.502011 0.068515 0.862143 0.0970782 -0.564719 0.372086 0.970122 -0.333951 0.801704 1.42787 -0.518327 1.67148 1.5297 -1.36867 2.18787 
-0.52379 0.080139 0.84807 0.0758478 -0.562237 0.370752 0.945681 -0.323636 0.802598 1.41207 -0.523993 1.66421 1.53185 -1.36832 2.18659 
-0.545251 0.091823 0.833229 0.0549321 -0.559851 0.369396 0.921289 -0.313304 0.803758 1.39612 -0.530046 1.65675 1.53422 -1.36769 2.18532 
-0.566354 0.103548 0.817631 0.0343431 -0.557555 0.36803 0.896951 -0.302966 0.805208 1.37999 -0.53652 1.6491 1.53681 -1.36678 2.18407 
-0.587062 0.115293 0.80129 0.0140933 -0.55534 0.366669 0.872671 -0.29264 0.80697 1.36368 -0.543453 1.64126 1.53965 -1.36553 2.18285 
-0.607336 0.127037 0.784222 -0.00580332 -0.553194 0.365329 0.84846 -0.282345 0.809073 1.34718 -0.550889 1.6332 1.54275 -1.36394 2.18165 
-0.627142 0.138758 0.766446 -0.0253316 -0.551105 0.364031 0.824327 -0.272107 0.811551 1.33047 -0.558875 1.62495 1.54613 -1.36196 2.1805 
-0.646444 0.150432 0.747984 -0.0444743 -0.549055 0.362793 0.800289 -0.261959 0.814442 1.31353 -0.567469 1.61648 1.5498 -1.35955 2.1794 
-0.665211 0.162034 0.728861 -0.0632122 -0.547025 0.361641 0.776365 -0.251943 0.817791 1.29636 -0.576733 1.60782 1.55379 -1.35667 2.17836 
-0.683413 0.173542 0.709105 -0.0815231 -0.544991 0.3606 0.752582 -0.242113 0.821653 1.27893 -0.586739 1.59896 1.55811 -1.35326 2.17739 
-0.701022 0.184929 0.688745 -0.0993818 -0.542926 0.359699 0.728975 -0.232537 0.826091 1.26126 -0.597565 1.58992 1.56279 -1.34927 2.1765 
-0.718014 0.196171 0.667812 -0.11676 -0.540797 0.358971 0.705587 -0.223304 0.83118 1.24333 -0.609298 1.58075 1.56785 -1.34465 2.17573 
-0.734369 0.207245 0.646338 -0.133624 -0.538569 0.358454 0.682475 -0.214523 0.837006 1.22516 -0.622028 1.57147 1.57331 -1.33931 2.17508 
-0.750068 0.218127 0.624355 -0.14994 -0.5362 0.358187 0.659709 -0.206334 0.843668 1.20677 -0.635849 1.56217 1.57918 -1.33321 2.17457 
-0.765099 0.228793 0.601895 -0.165668 -0.533644 0.358217 0.637373 -0.198906 0.851275 1.18821 -0.650844 1.55294 1.58548 -1.32626 2.17424 
-0.779451 0.239222 0.578989 -0.180771 -0.530851 0.358592 0.615566 -0.192441 0.859941 1.16955 -0.66708 1.54391 1.59218 -1.31844 2.17409 
-0.79312 0.249393 0.555666 -0.195215 -0.527767 0.359362 0.594397 -0.187169 0.869779 1.15092 -0.684588 1.53526 1.59927 -1.30972 2.17416 
-0.806102 0.259286 0.53195 -0.208975 -0.524342 0.360578 0.573976 -0.183334 0.880881 1.13245 -0.703345 1.52718 1.6067 -1.3001 2.17446 
-0.818399 0.268882 0.507863 -0.222042 -0.520526 0.362284 0.554399 -0.181171 0.893305 1.11433 -0.723259 1.5199 1.61437 -1.28967 2.17499 
-0.830016 0.278163 0.483425 -0.234431 -0.51628 0.364512 0.535731 -0.180872 0.907055 1.09676 -0.744162 1.51365 1.62218 -1.27853 2.17575 
-0.84097 0.287109 0.45866 -0.246196 -0.511576 0.367272 0.518013 -0.182559 0.922085 1.07993 -0.765825 1.50863 1.63 -1.26687 2.17673 
-0.841157 0.287262 0.458236 -0.246397 -0.511496 0.367319 0.51771 -0.182587 0.922342 1.07964 -0.766196 1.50855 1.63014 -1.26667 2.17674 
-0.841157 0.287262 0.458236 -0.246397 -0.511496 0.367319 0.51771 -0.182587 0.922342 1.07964 -0.766196 1.50855 1.63014 -1.26667 2.17674 
-0.842621 0.289466 0.454111 -0.252157 -0.512727 0.365535 0.509357 -0.185403 0.925036 1.0676 -0.766538 1.51722 1.61604 -1.26754 2.18672 
-0.844058 0.291663 0.450019 -0.257909 -0.513946 0.363807 0.500963 -0.188181 0.92779 1.05555 -0.766899 1.52575 1.60171 -1.26838 2.19676 
-0.845456 0.29385 0.445952 -0.263658 -0.515157 0.36213 0.492516 -0.190896 0.930586 1.04346 -0.767271 1.53414 1.58715 -1.26918 2.20684 
-0.846817 0.296029 0.441911 -0.269406 -0.516361 0.360502 0.484015 -0.193545 0.933416 1.03134 -0.767652 1.5424 1.57237 -1.26994 2.21697 
-0.848141 0.298198 0.437895 -0.275157 -0.51756 0.358922 0.47546 -0.196125 0.936276 1.01917 -0.768036 1.55055 1.55736 -1.27067 2.22712 
-0.849429 0.300358 0.433904 -0.280913 -0.518753 0.357389 0.466851 -0.198636 0.939161 1.00694 -0.768422 1.55858 1.54213 -1.27137 2.23729 
-0.850681 0.302509 0.429939 -0.286674 -0.51994 0.355901 0.458187 -0.201075 0.942065 0.994646 -0.768805 1.5665 1.52669 -1.27203 2.24748 
-0.851898 0.304651 0.425998 -0.292445 -0.521122 0.354457 0.449469 -0.203442 0.944987 0.982285 -0.769182 1.57433 1.51104 -1.27266 2.25768 
-0.853082 0.306784 0.422081 -0.298225 -0.522299 0.353056 0.440695 -0.205734 0.94792 0.969848 -0.769551 1.58206 1.49518 -1.27327 2.26788 
-0.854231 0.308907 0.41819 -0.304019 -0.523471 0.351697 0.431867 -0.207951 0.950863 0.957332 -0.769909 1.5897 1.47911 -1.27384 2.27807 
-0.855348 0.311021 0.414322 -0.309826 -0.524637 0.350378 0.422983 -0.210093 0.953811 0.94473 -0.770253 1.59726 1.46283 -1.27438 2.28825 
-0.856433 0.313125 0.410479 -0.31565 -0.525799 0.349099 0.414044 -0.212158 0.956762 0.93204 -0.770581 1.60473 1.44635 -1.27489 2.29842 
-0.857486 0.31522 0.40666 -0.321491 -0.526955 0.347858 0.405049 -0.214146 0.959714 0.919255 -0.77089 1.61213 1.42967 -1.27536 2.30857 
-0.858507 0.317306 0.402865 -0.327352 -0.528107 0.346654 0.395998 -0.216057 0.962662 0.906375 -0.771179 1.61945 1.41279 -1.27581 2.31869 
-0.859499 0.319381 0.399093 -0.333233 -0.529253 0.345485 0.386891 -0.217889 0.965605 0.893394 -0.771445 1.6267 1.39572 -1.27622 2.32879 
-0.86046 0.321447 0.395346 -0.339138 -0.530393 0.344351 0.377728 -0.219643 0.968541 0.88031 -0.771686 1.63388 1.37844 -1.27661 2.33885 
-0.861392 0.323502 0.391622 -0.345067 -0.531528 0.343251 0.368508 -0.221318 0.971466 0.86712 -0.7719 1.64099 1.36096 -1.27696 2.34887 
-0.862295 0.325548 0.387921 -0.351021 -0.532657 0.342182 0.359231 -0.222914 0.974379 0.853822 -0.772086 1.64803 1.3433 -1.27727 2.35885 
-0.863171 0.327583 0.384244 -0.357003 -0.533779 0.341145 0.349897 -0.224429 0.977278 0.840413 -0.772242 1.655 1.32543 -1.27755 2.36878 
-0.864018 0.329608 0.380591 -0.363014 -0.534896 0.340137 0.340506 -0.225865 0.980161 0.826892 -0.772365 1.66191 1.30737 -1.2778 2.37866 
-0.864839 0.331622 0.37696 -0.369055 -0.536005 0.339158 0.331057 -0.22722 0.983025 0.813257 -0.772455 1.66875 1.28912 -1.27801 2.38849 
-0.865633 0.333625 0.373353 -0.375127 -0.537108 0.338205 0.32155 -0.228494 0.985869 0.799505 -0.77251 1.67552 1.27067 -1.27818 2.39826 
-0.866401 0.335618 0.369768 -0.381232 -0.538203 0.337279 0.311984 -0.229688 0.98869 0.785636 -0.772528 1.68222 1.25203 -1.27832 2.40797 
-0.867143 0.337599 0.366207 -0.387371 -0.539291 0.336377 0.30236 -0.230799 0.991488 0.771647 -0.772508 1.68886 1.2332 -1.27842 2.41762 
-0.867861 0.339569 0.362669 -0.393546 -0.540371 0.335498 0.292677 -0.231829 0.994259 0.757538 -0.772448 1.69543 1.21418 -1.27847 2.4272 
-0.868554 0.341528 0.359153 -0.399757 -0.541442 0.334642 0.282935 -0.232777 0.997003 0.743308 -0.772346 1.70194 1.19497 -1.27849 2.43671 
-0.869223 0.343475 0.35566 -0.406006 -0.542505 0.333806 0.273133 -0.233642 0.999717 0.728955 -0.772202 1.70837 1.17556 -1.27847 2.44614 
-0.869869 0.34541 0.35219 -0.412294 -0.543558 0.33299 0.263272 -0.234424 1.0024 0.714478 -0.772014 1.71473 1.15597 -1.2784 2.4555 
-0.870493 0.347333 0.348742 -0.418622 -0.544602 0.332193 0.25335 -0.235124 1.00505 0.699877 -0.771781 1.72103 1.13618 -1.27829 2.46477 
-0.871093 0.349243 0.345317 -0.424992 -0.545635 0.331412 0.243369 -0.235739 1.00767 0.685151 -0.771501 1.72725 1.11621 -1.27813 2.47396 
-0.871673 0.351141 0.341915 -0.431403 -0.546658 0.330647 0.233327 -0.236271 1.01024 0.670299 -0.771172 1.73339 1.09605 -1.27793 2.48306 
-0.87223 0.353025 0.338535 -0.437857 -0.54767 0.329896 0.223224 -0.236719 1.01279 0.65532 -0.770795 1.73947 1.0757 -1.27768 2.49208 
-0.872767 0.354897 0.335177 -0.444356 -0.548671 0.329158 0.21306 -0.237081 1.01529 0.640215 -0.770366 1.74546 1.05516 -1.27738 2.50099 
-0.873284 0.356755 0.331842 -0.4509 -0.549659 0.328432 0.202836 -0.237359 1.01775 0.624982 -0.769886 1.75138 1.03443 -1.27703 2.50981 
-0.873781 0.358599 0.32853 -0.457489 -0.550635 0.327717 0.19255 -0.237552 1.02016 0.609621 -0.769353 1.75722 1.01351 -1.27664 2.51853 
-0.874259 0.360429 0.32524 -0.464126 -0.551598 0.327011 0.182203 -0.237658 1.02254 0.594133 -0.768765 1.76297 0.992414 -1.27619 2.52715 
-0.874718 0.362245 0.321972 -0.470809 -0.552548 0.326312 0.171795 -0.237679 1.02486 0.578516 -0.768122 1.76865 0.971126 -1.27568 2.53566 
-0.875159 0.364046 0.318726 -0.477542 -0.553483 0.325621 0.161326 -0.237613 1.02714 0.562771 -0.767422 1.77423 0.949654 -1.27512 2.54406 
-0.875582 0.365832 0.315503 -0.484323 -0.554403 0.324935 0.150795 -0.23746 1.02937 0.546898 -0.766663 1.77973 0.927996 -1.27451 2.55235 
-0.875988 0.367603 0.312302 -0.491154 -0.555309 0.324253 0.140202 -0.237219 1.03154 0.530896 -0.765846 1.78515 0.906155 -1.27384 2.56052 
-0.876377 0.369358 0.309124 -0.498035 -0.556198 0.323574 0.129548 -0.236891 1.03367 0.514765 -0.764968 1.79047 0.88413 -1.27311 2.56857 
-0.876749 0.371097 0.305968 -0.504967 -0.557072 0.322896 0.118833 -0.236474 1.03574 0.498507 -0.764028 1.7957 0.861922 -1.27232 2.57649 
-0.877107 0.37282 0.302834 -0.51195 -0.557928 0.322219 0.108057 -0.235969 1.03775 0.48212 -0.763026 1.80083 0.839532 -1.27147 2.58429 
-0.877449 0.374526 0.299723 -0.518986 -0.558767 0.321541 0.097219 -0.235375 1.0397 0.465604 -0.76196 1.80587 0.816962 -1.27056 2.59196 
-0.877776 0.376214 0.296634 -0.526074 -0.559587 0.320861 0.0863204 -0.23469 1.0416 0.448962 -0.760828 1.8108 0.794211 -1.26959 2.5995 
-0.878089 0.377885 0.293567 -0.533214 -0.560389 0.320178 0.075361 -0.233916 1.04343 0.432191 -0.75963 1.81564 0.771281 -1.26855 2.6069 
-0.878388 0.379538 0.290523 -0.540408 -0.561172 0.31949 0.064341 -0.233052 1.0452 0.415294 -0.758365 1.82037 0.748172 -1.26744 2.61416 
-0.878675 0.381173 0.287501 -0.547656 -0.561935 0.318796 0.0532607 -0.232096 1.04691 0.398269 -0.757032 1.82499 0.724887 -1.26627 2.62128 
-0.878949 0.382789 0.284502 -0.554957 -0.562677 0.318096 0.0421204 -0.231049 1.04855 0.381119 -0.755628 1.82951 0.701425 -1.26503 2.62826 
-0.87921 0.384386 0.281525 -0.562313 -0.563399 0.317387 0.0309204 -0.229909 1.05012 0.363842 -0.754154 1.83392 0.677788 -1.26372 2.63508 
-0.87946 0.385963 0.27857 -0.569723 -0.564098 0.316669 0.0196611 -0.228678 1.05163 0.346441 -0.752608 1.83821 0.653978 -1.26234 2.64175 
-0.879699 0.38752 0.275638 -0.577188 -0.564776 0.315941 0.0083429 -0.227353 1.05306 0.328915 -0.750989 1.84239 0.629995 -1.26089 2.64826 
-0.879928 0.389057 0.272729 -0.584707 -0.56543 0.315201 -0.00303375 -0.225935 1.05442 0.311265 -0.749296 1.84645 0.605841 -1.25937 2.65461 
-0.880146 0.390572 0.269842 -0.592281 -0.566061 0.314449 -0.0144684 -0.224423 1.0557 0.293491 -0.747527 1.85039 0.581518 -1.25777 2.6608 
-0.880355 0.392067 0.266978 -0.59991 -0.566669 0.313683 -0.0259604 -0.222816 1.05691 0.275596 -0.745682 1.8542 0.557027 -1.2561 2.66683 
-0.880556 0.393539 0.264136 -0.607593 -0.567251 0.312902 -0.0375093 -0.221115 1.05804 0.257579 -0.74376 1.8579 0.532368 -1.25435 2.67268 
-0.880747 0.394989 0.261317 -0.615332 -0.567808 0.312106 -0.0491145 -0.219318 1.05909 0.239441 -0.741759 1.86146 0.507545 -1.25252 2.67836 
-0.880931 0.396417 0.258521 -0.623125 -0.56834 0.311292 -0.0607754 -0.217425 1.06006 0.221183 -0.739679 1.86489 0.482559 -1.25062 2.68386 
-0.881108 0.397821 0.255748 -0.630973 -0.568845 0.310461 -0.0724912 -0.215435 1.06095 0.202806 -0.737518 1.8682 0.457411 -1.24863 2.68919 
-0.881278 0.399201 0.252997 -0.638875 -0.569323 0.309611 -0.0842612 -0.213349 1.06175 0.184312 -0.735275 1.87136 0.432103 -1.24657 2.69433 
-0.881441 0.400557 0.250269 -0.646831 -0.569774 0.308741 -0.0960847 -0.211165 1.06247 0.165701 -0.73295 1.87439 0.406638 -1.24442 2.69928 
-0.881599 0.401889 0.247564 -0.654841 -0.570197 0.307851 -0.107961 -0.208883 1.0631 0.146975 -0.730541 1.87728 0.381017 -1.24219 2.70404 
-0.881752 0.403195 0.244881 -0.662905 -0.570591 0.306939 -0.119889 -0.206503 1.06365 0.128134 -0.728047 1.88003 0.355242 -1.23988 2.70861 
-0.8819 0.404475 0.242221 -0.671023 -0.570956 0.306004 -0.131868 -0.204023 1.0641 0.109179 -0.725467 1.88263 0.329315 -1.23748 2.71297 
-0.882044 0.405729 0.239585 -0.679193 -0.571291 0.305047 -0.143897 -0.201444 1.06445 0.0901136 -0.7228 1.88508 0.303239 -1.23499 2.71714 
-0.882185 0.406957 0.236971 -0.687416 -0.571596 0.304065 -0.155975 -0.198765 1.06472 0.0709371 -0.720046 1.88739 0.277016 -1.23242 2.72111 
-0.882322 0.408157 0.23438 -0.695691 -0.571871 0.303058 -0.168101 -0.195985 1.06489 0.0516516 -0.717202 1.88954 0.250647 -1.22977 2.72486 
-0.882457 0.40933 0.231812 -0.704017 -0.572114 0.302025 -0.180274 -0.193105 1.06496 0.0322584 -0.714269 1.89153 0.224137 -1.22702 2.72841 
-0.882591 0.410474 0.229266 -0.712395 -0.572326 0.300967 -0.192493 -0.190123 1.06494 0.012759 -0.711244 1.89337 0.197486 -1.22419 2.73174 
-0.882723 0.41159 0.226744 -0.720823 -0.572505 0.299881 -0.204757 -0.187039 1.06481 -0.00684492 -0.708128 1.89505 0.170699 -1.22126 2.73485 
-0.882854 0.412676 0.224244 -0.729301 -0.572651 0.298767 -0.217065 -0.183853 1.06458 -0.0265519 -0.70492 1.89657 0.143776 -1.21825 2.73774 
-0.882985 0.413733 0.221768 -0.737829 -0.572765 0.297625 -0.229415 -0.180563 1.06425 -0.0463602 -0.701617 1.89792 0.116722 -1.21514 2.74041 
-0.883116 0.414759 0.219314 -0.746404 -0.572845 0.296455 -0.241806 -0.177171 1.06382 -0.0662682 -0.69822 1.8991 0.0895387 -1.21194 2.74285 
-0.883249 0.415754 0.216883 -0.755028 -0.572891 0.295254 -0.254238 -0.173675 1.06328 -0.0862741 -0.694727 1.90011 0.0622291 -1.20865 2.74505 
-0.883382 0.416719 0.214475 -0.763699 -0.572902 0.294025 -0.266708 -0.170075 1.06263 -0.106376 -0.691138 1.90095 0.0347964 -1.20527 2.74703 
-0.883518 0.417651 0.212089 -0.772416 -0.572879 0.292764 -0.279216 -0.166371 1.06187 -0.126572 -0.687451 1.90162 0.00724356 -1.20179 2.74876 
-0.883655 0.418552 0.209727 -0.781179 -0.57282 0.291473 -0.291759 -0.162561 1.061 -0.146861 -0.683666 1.90211 -0.0204262 -1.19822 2.75025 
-0.883796 0.419419 0.207387 -0.789986 -0.572725 0.290151 -0.304338 -0.158647 1.06003 -0.16724 -0.679782 1.90242 -0.0482098 -1.19455 2.7515 
-0.883941 0.420254 0.205069 -0.798837 -0.572595 0.288798 -0.31695 -0.154627 1.05893 -0.187707 -0.675798 1.90254 -0.0761038 -1.19079 2.7525 
-0.884089 0.421054 0.202774 -0.807731 -0.572428 0.287413 -0.329593 -0.150501 1.05773 -0.20826 -0.671713 1.90248 -0.104105 -1.18693 2.75325 
-0.884242 0.421821 0.200502 -0.816666 -0.572224 0.285996 -0.342267 -0.14627 1.0564 -0.228898 -0.667526 1.90224 -0.132209 -1.18297 2.75375 
-0.8844 0.422552 0.198252 -0.825643 -0.571984 0.284547 -0.35497 -0.141931 1.05496 -0.249618 -0.663237 1.90181 -0.160414 -1.17892 2.75399 
-0.884563 0.423249 0.196024 -0.834659 -0.571705 0.283067 -0.367699 -0.137487 1.0534 -0.270417 -0.658844 1.90118 -0.188715 -1.17477 2.75397 
-0.884732 0.42391 0.193819 -0.843714 -0.571389 0.281553 -0.380455 -0.132935 1.05173 -0.291295 -0.654347 1.90036 -0.217109 -1.17053 2.75368 
-0.884908 0.424536 0.191636 -0.852807 -0.571035 0.280008 -0.393235 -0.128277 1.04993 -0.312247 -0.649745 1.89934 -0.245591 -1.16618 2.75313 
-0.885091 0.425124 0.189475 -0.861937 -0.570642 0.278431 -0.406037 -0.123511 1.048 -0.333273 -0.645038 1.89813 -0.274159 -1.16174 2.75231 
-0.885281 0.425676 0.187335 -0.871102 -0.570211 0.276821 -0.41886 -0.118638 1.04596 -0.354369 -0.640224 1.89672 -0.302807 -1.1572 2.75122 
-0.885478 0.426191 0.185218 -0.880301 -0.569741 0.27518 -0.431702 -0.113657 1.04379 -0.375533 -0.635303 1.8951 -0.331533 -1.15256 2.74986 
-0.885685 0.426668 0.183122 -0.889534 -0.569232 0.273507 -0.444561 -0.108569 1.04149 -0.396763 -0.630274 1.89328 -0.360332 -1.14783 2.74821 
-0.885899 0.427107 0.181048 -0.898799 -0.568683 0.271802 -0.457436 -0.103374 1.03907 -0.418056 -0.625136 1.89125 -0.389199 -1.143 2.74629 
-0.886123 0.427508 0.178995 -0.908094 -0.568095 0.270066 -0.470326 -0.0980711 1.03652 -0.43941 -0.619889 1.88901 -0.418131 -1.13807 2.74409 
-0.886356 0.427869 0.176963 -0.91742 -0.567466 0.2683 -0.483227 -0.0926609 1.03384 -0.460822 -0.614533 1.88657 -0.447123 -1.13304 2.74159 
-0.8866 0.428192 0.174952 -0.926774 -0.566798 0.266503 -0.496139 -0.0871432 1.03103 -0.482289 -0.609065 1.88391 -0.476171 -1.12791 2.73881 
-0.886853 0.428476 0.172962 -0.936155 -0.566089 0.264676 -0.50906 -0.0815184 1.02808 -0.503809 -0.603486 1.88103 -0.50527 -1.12269 2.73575 
-0.887117 0.428719 0.170993 -0.945562 -0.565339 0.26282 -0.521987 -0.0757865 1.02501 -0.52538 -0.597796 1.87794 -0.534416 -1.11737 2.73238 
-0.887392 0.428923 0.169044 -0.954993 -0.564549 0.260935 -0.53492 -0.0699477 1.0218 -0.546997 -0.591993 1.87463 -0.563604 -1.11195 2.72873 
-0.887678 0.429086 0.167115 -0.964449 -0.563718 0.259022 -0.547856 -0.0640024 1.01846 -0.56866 -0.586076 1.8711 -0.592829 -1.10644 2.72477 
-0.887976 0.429209 0.165207 -0.973926 -0.562845 0.257081 -0.560794 -0.0579508 1.01498 -0.590364 -0.580046 1.86735 -0.622087 -1.10083 2.72052 
-0.888285 0.429291 0.163318 -0.983424 -0.561931 0.255114 -0.573731 -0.0517933 1.01137 -0.612107 -0.573902 1.86338 -0.651373 -1.09513 2.71596 
-0.888607 0.429332 0.161449 -0.992942 -0.560976 0.253121 -0.586666 -0.0455302 1.00762 -0.633887 -0.567643 1.85918 -0.680682 -1.08933 2.7111 
-0.888941 0.429333 0.159599 -1.00248 -0.559979 0.251103 -0.599597 -0.0391622 1.00373 -0.6557 -0.561269 1.85476 -0.710009 -1.08344 2.70593 
-0.889288 0.429291 0.157768 -1.01203 -0.558939 0.24906 -0.612521 -0.0326895 0.999699 -0.677543 -0.554779 1.85011 -0.739348 -1.07745 2.70046 
-0.889647 0.429209 0.155956 -1.0216 -0.557858 0.246995 -0.625438 -0.026113 0.995532 -0.699414 -0.548172 1.84523 -0.768696 -1.07138 2.69468 
-0.890019 0.429084 0.154162 -1.03118 -0.556734 0.244907 -0.638346 -0.019433 0.991225 -0.72131 -0.541449 1.84012 -0.798047 -1.06521 2.68858 
-0.890405 0.428918 0.152387 -1.04078 -0.555568 0.242799 -0.651242 -0.0126505 0.986777 -0.743228 -0.534608 1.83477 -0.827395 -1.05895 2.68218 
-0.890804 0.428711 0.15063 -1.05039 -0.554358 0.24067 -0.664124 -0.005766 0.982188 -0.765165 -0.52765 1.8292 -0.856735 -1.0526 2.67546 
-0.891216 0.428461 0.14889 -1.06001 -0.553106 0.238523 -0.676991 0.00121954 0.977456 -0.787117 -0.520573 1.82339 -0.886062 -1.04616 2.66842 
-0.891642 0.42817 0.147168 -1.06964 -0.55181 0.236357 -0.689841 0.00830529 0.972582 -0.809083 -0.513377 1.81735 -0.915371 -1.03964 2.66107 
-0.892081 0.427837 0.145463 -1.07928 -0.550471 0.234176 -0.702672 0.0154903 0.967565 -0.831059 -0.506063 1.81107 -0.944657 -1.03303 2.6534 
-0.892534 0.427463 0.143775 -1.08892 -0.549088 0.23198 -0.715482 0.0227735 0.962404 -0.853042 -0.498629 1.80455 -0.973913 -1.02633 2.6454 
-0.893001 0.427046 0.142103 -1.09857 -0.547661 0.229769 -0.72827 0.0301539 0.957098 -0.875029 -0.491075 1.7978 -1.00313 -1.01955 2.63709 
-0.893482 0.426589 0.140448 -1.10823 -0.54619 0.227547 -0.741032 0.0376303 0.951648 -0.897017 -0.4834 1.79081 -1.03232 -1.01269 2.62846 
-0.893976 0.426089 0.138808 -1.11789 -0.544674 0.225313 -0.753769 0.0452015 0.946053 -0.919004 -0.475605 1.78358 -1.06145 -1.00574 2.61951 
-0.894484 0.425549 0.137184 -1.12755 -0.543112 0.22307 -0.766477 0.0528661 0.940313 -0.940987 -0.467689 1.77612 -1.09054 -0.998721 2.61023 
-0.895006 0.424967 0.135575 -1.13721 -0.541505 0.220819 -0.779155 0.0606227 0.934427 -0.962962 -0.459651 1.76841 -1.11956 -0.991621 2.60063 
-0.895541 0.424344 0.133981 -1.14688 -0.539853 0.218561 -0.791801 0.06847 0.928395 -0.984927 -0.451492 1.76047 -1.14853 -0.984445 2.59071 
-0.89609 0.423681 0.132401 -1.15654 -0.538154 0.216298 -0.804414 0.0764063 0.922218 -1.00688 -0.44321 1.75228 -1.17743 -0.977194 2.58046 
-0.896652 0.422977 0.130836 -1.1662 -0.536408 0.214032 -0.816991 0.08443 0.915894 -1.02881 -0.434806 1.74386 -1.20625 -0.969871 2.56989 
-0.897227 0.422233 0.129284 -1.17586 -0.534615 0.211763 -0.829531 0.0925394 0.909424 -1.05073 -0.42628 1.7352 -1.23499 -0.962477 2.55899 
-0.897816 0.42145 0.127746 -1.18552 -0.532775 0.209494 -0.842032 0.100733 0.902808 -1.07263 -0.41763 1.72629 -1.26365 -0.955015 2.54777 
-0.898417 0.420626 0.126221 -1.19517 -0.530886 0.207226 -0.854492 0.109008 0.896047 -1.0945 -0.408856 1.71715 -1.29222 -0.947486 2.53623 
-0.899031 0.419764 0.124709 -1.20482 -0.528948 0.204961 -0.86691 0.117363 0.889139 -1.11635 -0.399959 1.70777 -1.32069 -0.939892 2.52436 
-0.899658 0.418863 0.12321 -1.21446 -0.52696 0.2027 -0.879284 0.125796 0.882086 -1.13816 -0.390938 1.69815 -1.34906 -0.932237 2.51217 
-0.900297 0.417923 0.121722 -1.2241 -0.524922 0.200444 -0.891612 0.134305 0.874888 -1.15995 -0.381792 1.6883 -1.37732 -0.92452 2.49966 
-0.900949 0.416946 0.120246 -1.23372 -0.522834 0.198196 -0.903892 0.142888 0.867544 -1.1817 -0.372522 1.67821 -1.40546 -0.916746 2.48682 
-0.901612 0.415931 0.118782 -1.24334 -0.520693 0.195957 -0.916123 0.151541 0.860057 -1.20342 -0.363127 1.66788 -1.43349 -0.908917 2.47366 
-0.902286 0.414879 0.117329 -1.25295 -0.5185 0.193728 -0.928304 0.160263 0.852426 -1.22509 -0.353606 1.65732 -1.46139 -0.901034 2.46018 
-0.902972 0.41379 0.115886 -1.26256 -0.516253 0.19151 -0.940432 0.169052 0.844652 -1.24673 -0.34396 1.64653 -1.48916 -0.8931 2.44638 
-0.903669 0.412666 0.114454 -1.27215 -0.513953 0.189306 -0.952507 0.177903 0.836736 -1.26832 -0.334188 1.6355 -1.5168 -0.885118 2.43227 
-0.904377 0.411505 0.113033 -1.28173 -0.511596 0.187116 -0.964526 0.186816 0.828679 -1.28987 -0.32429 1.62424 -1.54429 -0.87709 2.41783 
-0.905095 0.41031 0.111621 -1.2913 -0.509184 0.184942 -0.976488 0.195786 0.820482 -1.31137 -0.314266 1.61276 -1.57163 -0.869019 2.40308 
-0.905824 0.40908 0.110218 -1.30086 -0.506714 0.182786 -0.988393 0.204811 0.812147 -1.33283 -0.304114 1.60105 -1.59882 -0.860907 2.38802 
-0.906562 0.407816 0.108825 -1.31041 -0.504186 0.180647 -1.00024 0.213888 0.803674 -1.35423 -0.293836 1.58911 -1.62586 -0.852757 2.37264 
-0.90731 0.406518 0.10744 -1.31995 -0.501598 0.178528 -1.01202 0.223014 0.795066 -1.37558 -0.28343 1.57695 -1.65273 -0.844572 2.35695 
-0.908067 0.405187 0.106064 -1.32948 -0.498949 0.17643 -1.02374 0.232185 0.786324 -1.39688 -0.272897 1.56457 -1.67943 -0.836354 2.34095 
-0.908833 0.403823 0.104696 -1.33899 -0.496239 0.174353 -1.0354 0.241398 0.77745 -1.41812 -0.262236 1.55197 -1.70595 -0.828107 2.32464 
-0.909607 0.402427 0.103336 -1.3485 -0.493465 0.172299 -1.04699 0.25065 0.768446 -1.43931 -0.251447 1.53915 -1.7323 -0.819832 2.30803 
-0.91039 0.400999 0.101984 -1.35799 -0.490627 0.170267 -1.05852 0.259938 0.759315 -1.46044 -0.240529 1.52612 -1.75846 -0.811532 2.29112 
-0.911181 0.399539 0.100639 -1.36746 -0.487723 0.16826 -1.06998 0.269257 0.750059 -1.48152 -0.229483 1.51288 -1.78444 -0.803211 2.27391 
-0.91198 0.398048 0.099301 -1.37693 -0.484753 0.166277 -1.08137 0.278604 0.740681 -1.50253 -0.218307 1.49943 -1.81022 -0.79487 2.25639 
-0.912787 0.396527 0.09797 -1.38638 -0.481713 0.164319 -1.0927 0.287975 0.731184 -1.52349 -0.207003 1.48578 -1.8358 -0.786512 2.23858 
-0.913601 0.394974 0.0966456 -1.39583 -0.478604 0.162387 -1.10395 0.297366 0.721571 -1.54439 -0.195569 1.47193 -1.86117 -0.77814 2.22048 
-0.914422 0.393391 0.0953274 -1.40525 -0.475424 0.16048 -1.11514 0.306775 0.711846 -1.56522 -0.184005 1.45787 -1.88634 -0.769757 2.20209 
-0.91525 0.391778 0.0940153 -1.41467 -0.472172 0.158599 -1.12625 0.316196 0.702012 -1.586 -0.172312 1.44363 -1.9113 -0.761364 2.1834 
-0.916085 0.390134 0.092709 -1.42408 -0.468846 0.156743 -1.13729 0.325625 0.692075 -1.60671 -0.160489 1.42919 -1.93604 -0.752964 2.16444 
-0.916927 0.388459 0.0914083 -1.43347 -0.465445 0.154912 -1.14827 0.33506 0.682037 -1.62737 -0.148535 1.41456 -1.96057 -0.744559 2.14518 
-0.917776 0.386754 0.090113 -1.44285 -0.461967 0.153107 -1.15917 0.344496 0.671904 -1.64797 -0.136452 1.39976 -1.98486 -0.736152 2.12565 
-0.918631 0.385018 0.0888228 -1.45222 -0.458412 0.151326 -1.17 0.353928 0.661682 -1.6685 -0.124238 1.38477 -2.00893 -0.727744 2.10584 
-0.919493 0.38325 0.0875375 -1.46158 -0.454778 0.149569 -1.18076 0.363354 0.651374 -1.68898 -0.111894 1.3696 -2.03277 -0.719336 2.08576 
-0.920362 0.381451 0.086257 -1.47093 -0.451065 0.147836 -1.19144 0.372769 0.640986 -1.70939 -0.09942 1.35427 -2.05638 -0.710932 2.0654 
-0.921238 0.379619 0.0849811 -1.48027 -0.447271 0.146124 -1.20206 0.382168 0.630525 -1.72975 -0.0868161 1.33876 -2.07974 -0.702531 2.04478 
-0.922121 0.377753 0.0837095 -1.4896 -0.443395 0.144434 -1.21261 0.39155 0.619997 -1.75005 -0.0740824 1.3231 -2.10287 -0.694136 2.02389 
-0.923011 0.375854 0.0824422 -1.49891 -0.439437 0.142764 -1.22309 0.400909 0.609407 -1.77029 -0.0612193 1.30727 -2.12575 -0.685747 2.00273 
-0.923908 0.373919 0.0811789 -1.50822 -0.435395 0.141112 -1.23351 0.410243 0.598763 -1.79047 -0.0482272 1.29129 -2.14839 -0.677365 1.98132 
-0.924813 0.371948 0.0799195 -1.51752 -0.43127 0.139477 -1.24385 0.419547 0.588072 -1.8106 -0.0351067 1.27516 -2.17077 -0.668991 1.95964 
-0.925726 0.369939 0.0786639 -1.5268 -0.42706 0.137858 -1.25414 0.428819 0.57734 -1.83067 -0.0218583 1.25888 -2.19291 -0.660625 1.93771 
-0.926647 0.367891 0.0774119 -1.53608 -0.422766 0.136253 -1.26436 0.438055 0.566575 -1.85069 -0.00848289 1.24246 -2.21479 -0.652268 1.91553 
-0.927578 0.365802 0.0761634 -1.54534 -0.418387 0.134659 -1.27452 0.447253 0.555785 -1.87065 0.00501875 1.22591 -2.23642 -0.643918 1.8931 
-0.928517 0.36367 0.0749183 -1.55459 -0.413923 0.133076 -1.28463 0.456409 0.544976 -1.89055 0.0186455 1.20922 -2.25778 -0.635576 1.87042 
-0.929466 0.361493 0.0736765 -1.56383 -0.409375 0.131501 -1.29468 0.465522 0.534158 -1.91041 0.0323963 1.1924 -2.27889 -0.62724 1.84749 
-0.930425 0.359268 0.0724379 -1.57306 -0.404743 0.129933 -1.30468 0.474589 0.523338 -1.93021 0.0462697 1.17546 -2.29974 -0.618911 1.82432 
-0.931395 0.356995 0.0712025 -1.58228 -0.400027 0.128368 -1.31463 0.483609 0.512524 -1.94995 0.0602642 1.1584 -2.32033 -0.610586 1.80091 
-0.932377 0.354669 0.06997 -1.59149 -0.395227 0.126805 -1.32454 0.492578 0.501723 -1.96964 0.0743781 1.14122 -2.34065 -0.602265 1.77726 
-0.93337 0.352288 0.0687406 -1.60068 -0.390346 0.125242 -1.33441 0.501497 0.490944 -1.98928 0.0886096 1.12393 -2.3607 -0.593944 1.75337 
-0.934376 0.34985 0.067514 -1.60986 -0.385383 0.123677 -1.34424 0.510364 0.480194 -2.00887 0.102957 1.10653 -2.38049 -0.585624 1.72925 
-0.935395 0.347352 0.0662904 -1.61903 -0.38034 0.122107 -1.35404 0.519179 0.469482 -2.0284 0.117417 1.08902 -2.40001 -0.5773 1.70489 
-0.936428 0.344789 0.0650695 -1.62818 -0.375219 0.120531 -1.3638 0.527941 0.458814 -2.04787 0.131988 1.07141 -2.41926 -0.568971 1.68031 
-0.937476 0.34216 0.0638515 -1.63731 -0.37002 0.118946 -1.37355 0.53665 0.448199 -2.06729 0.146667 1.05371 -2.43824 -0.560635 1.65549 
-0.938539 0.339461 0.0626362 -1.64643 -0.364745 0.117351 -1.38328 0.545306 0.437642 -2.08665 0.161452 1.03591 -2.45695 -0.552288 1.63045 
-0.939617 0.336688 0.0614236 -1.65552 -0.359397 0.115744 -1.39299 0.55391 0.427151 -2.10596 0.17634 1.01802 -2.47539 -0.543927 1.60518 
-0.940712 0.333838 0.0602137 -1.6646 -0.353976 0.114123 -1.40269 0.562463 0.416732 -2.1252 0.191326 1.00004 -2.49355 -0.53555 1.57969 
-0.941823 0.330906 0.0590066 -1.67365 -0.348484 0.112486 -1.41239 0.570967 0.406392 -2.14438 0.206409 0.98197 -2.51143 -0.527153 1.55397 
-0.942952 0.327891 0.0578021 -1.68268 -0.342924 0.110831 -1.42209 0.579422 0.396135 -2.1635 0.221585 0.963823 -2.52904 -0.518733 1.52803 
-0.944098 0.324786 0.0566003 -1.69168 -0.337298 0.109158 -1.4318 0.587831 0.385968 -2.18255 0.236849 0.945596 -2.54636 -0.510286 1.50188 
-0.945263 0.32159 0.0554012 -1.70066 -0.331607 0.107464 -1.44152 0.596195 0.375895 -2.20154 0.252199 0.927291 -2.56341 -0.50181 1.47551 
-0.946446 0.318298 0.0542048 -1.70961 -0.325854 0.105749 -1.45125 0.604518 0.36592 -2.22045 0.26763 0.908913 -2.58017 -0.493301 1.44892 
-0.947647 0.314905 0.053011 -1.71852 -0.320041 0.104012 -1.46101 0.612802 0.356048 -2.2393 0.283139 0.890462 -2.59665 -0.484755 1.42211 
-0.948867 0.311409 0.0518198 -1.7274 -0.314169 0.102251 -1.4708 0.621049 0.346281 -2.25807 0.29872 0.871943 -2.61285 -0.47617 1.3951 
-0.950107 0.307806 0.0506313 -1.73624 -0.308241 0.100466 -1.48062 0.629263 0.336624 -2.27675 0.314371 0.853356 -2.62875 -0.467541 1.36787 
-0.951364 0.30409 0.0494455 -1.74504 -0.302259 0.0986559 -1.49047 0.637447 0.327077 -2.29536 0.330087 0.834705 -2.64436 -0.458865 1.34044 
-0.952641 0.300259 0.0482623 -1.7538 -0.296224 0.0968202 -1.50037 0.645604 0.317644 -2.31389 0.345862 0.815992 -2.65969 -0.45014 1.3128 
-0.953936 0.296309 0.0470817 -1.76251 -0.290138 0.0949584 -1.51032 0.653738 0.308326 -2.33233 0.361694 0.797219 -2.67471 -0.441362 1.28496 
-0.955249 0.292235 0.0459037 -1.77117 -0.284004 0.0930703 -1.52032 0.661852 0.299123 -2.35068 0.377576 0.778388 -2.68944 -0.432528 1.25691 
-0.95658 0.288034 0.0447283 -1.77978 -0.277822 0.0911556 -1.53038 0.669951 0.290037 -2.36894 0.393505 0.759502 -2.70387 -0.423636 1.22867 
-0.957927 0.283703 0.0435554 -1.78833 -0.271595 0.0892141 -1.5405 0.678036 0.281067 -2.3871 0.409476 0.740564 -2.718 -0.414681 1.20022 
-0.959291 0.279237 0.0423851 -1.79681 -0.265323 0.0872459 -1.55068 0.686114 0.272213 -2.40517 0.425484 0.721575 -2.73182 -0.405662 1.17159 
-0.96067 0.274632 0.0412173 -1.80524 -0.259008 0.085251 -1.56094 0.694186 0.263476 -2.42314 0.441524 0.702538 -2.74533 -0.396575 1.14276 
-0.962063 0.269886 0.040052 -1.81359 -0.252652 0.0832296 -1.57127 0.702258 0.254852 -2.441 0.457592 0.683455 -2.75853 -0.387419 1.11374 
-0.963469 0.264994 0.0388891 -1.82186 -0.246254 0.0811819 -1.58168 0.710332 0.246343 -2.45877 0.473682 0.664329 -2.77142 -0.37819 1.08453 
-0.964887 0.259953 0.0377286 -1.83006 -0.239816 0.0791082 -1.59216 0.718412 0.237944 -2.47642 0.489791 0.645162 -2.78399 -0.368886 1.05515 
-0.966316 0.25476 0.0365704 -1.83817 -0.233339 0.0770089 -1.60274 0.726501 0.229656 -2.49397 0.505912 0.625957 -2.79624 -0.359504 1.02558 
-0.967753 0.249411 0.0354145 -1.84619 -0.226824 0.0748844 -1.6134 0.734604 0.221474 -2.5114 0.522041 0.606715 -2.80817 -0.350043 0.995829 
-0.969197 0.243904 0.0342608 -1.85411 -0.22027 0.0727354 -1.62415 0.742724 0.213397 -2.52872 0.538172 0.587441 -2.81977 -0.3405 0.965909 
-0.970646 0.238234 0.0331093 -1.86192 -0.213678 0.0705622 -1.635 0.750862 0.205422 -2.54593 0.554302 0.568136 -2.83104 -0.330873 0.935818 
-0.972098 0.2324 0.03196 -1.86963 -0.207049 0.0683655 -1.64594 0.759024 0.197546 -2.56303 0.570424 0.548803 -2.84197 -0.32116 0.90556 
-0.97355 0.226398 0.0308126 -1.87722 -0.200382 0.066146 -1.65698 0.767211 0.189765 -2.58001 0.586534 0.529445 -2.85258 -0.311358 0.875139 
-0.975 0.220226 0.0296672 -1.88468 -0.193677 0.0639043 -1.66812 0.775425 0.182077 -2.59687 0.602626 0.510064 -2.86284 -0.301465 0.844558 
-0.976445 0.213882 0.0285237 -1.89201 -0.186934 0.0616412 -1.67937 0.78367 0.174477 -2.61361 0.618696 0.490663 -2.87276 -0.29148 0.813822 
-0.977882 0.207364 0.027382 -1.89919 -0.180152 0.0593574 -1.69072 0.791948 0.166961 -2.63024 0.634737 0.471244 -2.88233 -0.281399 0.782934 
-0.979309 0.200669 0.026242 -1.90623 -0.173332 0.0570538 -1.70217 0.800259 0.159527 -2.64675 0.650746 0.45181 -2.89155 -0.271221 0.751899 
-0.980722 0.193796 0.0251036 -1.9131 -0.166471 0.054731 -1.71374 0.808606 0.15217 -2.66314 0.666715 0.432364 -2.90043 -0.260944 0.72072 
-0.982117 0.186745 0.0239668 -1.91981 -0.15957 0.05239 -1.72541 0.81699 0.144886 -2.67941 0.682641 0.412909 -2.90894 -0.250564 0.689403 
-0.983491 0.179515 0.0228315 -1.92633 -0.152628 0.0500317 -1.7372 0.825412 0.137671 -2.69557 0.698517 0.393446 -2.9171 -0.240081 0.657952 
-0.984841 0.172105 0.0216976 -1.93266 -0.145643 0.0476568 -1.74909 0.833871 0.13052 -2.71161 0.714338 0.373978 -2.92489 -0.22949 0.626371 
-0.986161 0.164516 0.0205649 -1.93879 -0.138614 0.0452665 -1.7611 0.842369 0.123431 -2.72753 0.730099 0.354508 -2.93232 -0.21879 0.594664 
-0.987448 0.15675 0.0194334 -1.94471 -0.13154 0.0428615 -1.77321 0.850903 0.116398 -2.74334 0.745793 0.335037 -2.93938 -0.207979 0.562838 
-0.988698 0.148807 0.0183031 -1.95039 -0.12442 0.0404428 -1.78544 0.859473 0.109417 -2.75904 0.761415 0.315568 -2.94607 -0.197052 0.530897 
-0.989905 0.14069 0.0171737 -1.95584 -0.117251 0.0380115 -1.79779 0.868077 0.102485 -2.77462 0.776958 0.296103 -2.95238 -0.186007 0.498846 
-0.991067 0.132402 0.0160453 -1.96104 -0.110032 0.0355685 -1.81024 0.876714 0.0955968 -2.7901 0.792418 0.276643 -2.95832 -0.174841 0.46669 
-0.992177 0.123948 0.0149177 -1.96597 -0.102761 0.0331148 -1.82281 0.885378 0.0887491 -2.80547 0.807787 0.257191 -2.96387 -0.163551 0.434435 
-0.993231 0.115332 0.0137909 -1.97062 -0.0954359 0.0306514 -1.8355 0.894068 0.0819377 -2.82073 0.82306 0.237747 -2.96904 -0.152133 0.402086 
-0.994226 0.106561 0.0126648 -1.97498 -0.0880542 0.0281793 -1.84829 0.902778 0.0751588 -2.83589 0.838229 0.218313 -2.97382 -0.140583 0.36965 
-0.995155 0.0976415 0.0115393 -1.97904 -0.0806136 0.0256996 -1.8612 0.911503 0.0684087 -2.85094 0.85329 0.198889 -2.97821 -0.128898 0.337131 
-0.996015 0.0885818 0.0104143 -1.98277 -0.0731112 0.0232132 -1.87422 0.920237 0.0616839 -2.86589 0.868234 0.179477 -2.98221 -0.117074 0.304537 
-0.9968 0.0793913 0.0092898 -1.98618 -0.0655442 0.0207211 -1.88735 0.928972 0.0549809 -2.88075 0.883056 0.160076 -2.98581 -0.105107 0.271874 
-0.997508 0.0700804 0.0081657 -1.98923 -0.0579095 0.0182242 -1.90059 0.937701 0.0482965 -2.89551 0.897748 0.140688 -2.98901 -0.0929911 0.239148 
-0.998134 0.0606607 0.00704193 -1.99193 -0.0502034 0.0157234 -1.91393 0.946415 0.0416276 -2.91017 0.912304 0.12131 -2.99181 -0.0807228 0.206365 
-0.998674 0.0511448 0.00591846 -1.99426 -0.0424224 0.0132197 -1.92739 0.955103 0.0349714 -2.92474 0.926716 0.101944 -2.9942 -0.0682972 0.173534 
-0.999125 0.0415467 0.00479523 -1.99621 -0.0345625 0.0107136 -1.94095 0.963755 0.028325 -2.93922 0.940977 0.0825874 -2.99618 -0.0557091 0.140662 
-0.999485 0.0318812 0.00367219 -1.99776 -0.0266192 0.00820599 -1.95461 0.972359 0.0216862 -2.9536 0.955079 0.0632396 -2.99776 -0.0429535 0.107756 
-0.999751 0.0221641 0.00254929 -1.99892 -0.018588 0.00569735 -1.96838 0.980902 0.0150525 -2.96789 0.969015 0.0438989 -2.99892 -0.030025 0.0748234 
-0.999922 0.0124122 0.00142648 -1.99966 -0.010464 0.00318818 -1.98224 0.989371 0.00842212 -2.98209 0.982778 0.024563 -2.99966 -0.0169182 0.0418739 
-0.999983 0.0026427 0.000303713 -1.99993 -0.00222789 0.000678798 -1.99622 0.997737 0.00179316 -2.99619 0.996333 0.00522973 -2.99993 -0.00360206 0.00891541 
-1 0 0 -2 0 0 -2 1 0 -3 1 0 -3 0 0 

