0 0 -1 
0 0 -1 
0.0473148 0.00257982 -0.998877 
0.0948919 0.00517394 -0.995474 
0.142594 0.00777486 -0.989751 
0.190278 0.0103748 -0.981675 
0.237799 0.0129659 -0.971228 
0.285007 0.0155399 -0.9584 
0.331752 0.0180886 -0.943193 
0.377883 0.0206039 -0.925624 
0.423249 0.0230775 -0.905719 
0.467702 0.0255012 -0.883518 
0.511094 0.0278672 -0.859073 
0.553285 0.0301676 -0.832445 
0.594137 0.0323951 -0.803711 
0.63352 0.0345424 -0.772955 
0.671309 0.0366029 -0.740273 
0.676588 0.0368907 -0.735437 
0.676588 0.0368907 -0.735437 
0.712135 0.0295043 -0.701422 
0.745995 0.022028 -0.665587 
0.77805 0.0144845 -0.628035 
0.808194 0.00689726 -0.588876 
0.836328 -0.000710146 -0.548229 
0.862363 -0.00831391 -0.506222 
0.865049 -0.00913466 -0.501605 
0.865049 -0.00913466 -0.501605 
0.86453 -0.0505312 -0.500034 
0.862489 -0.0924259 -0.497565 
0.858865 -0.134728 -0.494165 
0.853605 -0.17734 -0.489805 
0.846657 -0.220157 -0.484461 
0.837978 -0.263068 -0.478109 
0.827528 -0.305957 -0.470731 
0.815277 -0.3487 -0.462312 
0.801199 -0.391171 -0.452841 
0.785279 -0.433239 -0.442314 
0.767508 -0.474767 -0.43073 
0.747886 -0.51562 -0.418093 
0.726425 -0.555658 -0.404413 
0.703144 -0.594741 -0.389707 
0.678072 -0.632729 -0.373995 
0.651247 -0.669485 -0.357305 
0.62272 -0.704873 -0.339668 
0.592548 -0.73876 -0.321124 
0.560801 -0.771019 -0.301715 
0.527555 -0.801529 -0.28149 
0.492897 -0.830175 -0.260504 
0.456922 -0.856849 -0.238813 
0.419732 -0.881454 -0.216481 
0.381436 -0.9039 -0.193574 
0.34215 -0.924109 -0.170162 
0.301996 -0.942014 -0.146316 
0.261089 -0.957522 -0.122106 
0.259876 -0.957982 -0.121388 
0.259876 -0.957982 -0.121388 
0.211598 -0.968858 -0.128609 
0.162791 -0.977311 -0.135507 
0.136897 -0.980783 -0.139008 
0.136897 -0.980783 -0.139008 
0.132523 -0.973239 -0.187733 
0.127809 -0.963273 -0.236156 
0.122766 -0.950896 -0.284124 
0.117406 -0.936128 -0.331483 
0.111747 -0.919003 -0.378082 
0.105803 -0.899568 -0.423772 
0.0995946 -0.87788 -0.46841 
0.0947482 -0.860074 -0.501293 
0.0947482 -0.860074 -0.501293 
0.0501223 -0.8702 -0.490142 
0.00501501 -0.878455 -0.477798 
-0.0404499 -0.88477 -0.464269 
-0.0861431 -0.889081 -0.44957 
-0.13193 -0.891336 -0.433722 
-0.177673 -0.891488 -0.416751 
-0.22323 -0.889502 -0.398691 
-0.268457 -0.885352 -0.379581 
-0.313211 -0.879023 -0.359468 
-0.357345 -0.87051 -0.338402 
-0.400717 -0.85982 -0.316441 
-0.443187 -0.84697 -0.293646 
-0.484614 -0.831988 -0.270084 
-0.524867 -0.814913 -0.245827 
-0.563818 -0.795796 -0.220948 
-0.597863 -0.776773 -0.19795 
-0.597863 -0.776773 -0.19795 
-0.559927 -0.799694 -0.216728 
-0.520431 -0.820895 -0.235123 
-0.479466 -0.840278 -0.25307 
-0.437134 -0.857753 -0.270508 
-0.393544 -0.873235 -0.287374 
-0.348814 -0.886652 -0.303608 
-0.30307 -0.897936 -0.319154 
-0.256446 -0.907034 -0.333955 
-0.20908 -0.913898 -0.347959 
-0.161116 -0.918496 -0.361119 
-0.112703 -0.920803 -0.37339 
-0.0639903 -0.920808 -0.384731 
-0.015129 -0.918424 -0.39507 
-0.011435 -0.918243 -0.395851 
-0.011435 -0.918243 -0.395851 
-0.01146 -0.936574 -0.350283 
-0.0114572 -0.952711 -0.303661 
-0.0114263 -0.966578 -0.256116 
-0.0113672 -0.978108 -0.207789 
-0.0112798 -0.987243 -0.158822 
-0.0111642 -0.993939 -0.109364 
-0.0110205 -0.998163 -0.0595677 
-0.0108491 -0.999895 -0.00958812 
-0.0106507 -0.999126 0.0404188 
-0.0105172 -0.997441 0.0707225 
-0.0105172 -0.997441 0.0707225 
-0.0473897 -0.994009 0.0984932 
-0.0845047 -0.988385 0.12631 
-0.121759 -0.980525 0.154092 
-0.159046 -0.970396 0.181756 
-0.196254 -0.957973 0.209216 
-0.233269 -0.943244 0.236384 
-0.269974 -0.926205 0.263171 
-0.306251 -0.906866 0.28949 
-0.341981 -0.885249 0.31525 
-0.377046 -0.861388 0.340364 
-0.411329 -0.835326 0.364745 
-0.444714 -0.807121 0.38831 
-0.477088 -0.776842 0.410978 
-0.508344 -0.744568 0.432671 
-0.538377 -0.71039 0.453317 
-0.567089 -0.674408 0.472847 
-0.594389 -0.636732 0.491197 
-0.615693 -0.604604 0.505347 
-0.615693 -0.604604 0.505347 
-0.617163 -0.634239 0.465673 
-0.617114 -0.662403 0.424727 
-0.615536 -0.688995 0.382624 
-0.612423 -0.713923 0.339489 
-0.607776 -0.7371 0.295453 
-0.601607 -0.758448 0.250649 
-0.593934 -0.7779 0.205219 
-0.58943 -0.787106 0.18176 
-0.58943 -0.787106 0.18176 
-0.616797 -0.75959 0.20636 
-0.643111 -0.730177 0.230758 
-0.668264 -0.698899 0.254878 
-0.692151 -0.665798 0.278641 
-0.714667 -0.630926 0.301966 
-0.735713 -0.594348 0.324773 
-0.755193 -0.556136 0.346982 
-0.773017 -0.516374 0.368513 
-0.789101 -0.475157 0.389289 
-0.803366 -0.432588 0.409232 
-0.815743 -0.38878 0.428269 
-0.826169 -0.343853 0.44633 
-0.834592 -0.297935 0.463348 
-0.840968 -0.251162 0.479261 
-0.845263 -0.203673 0.494013 
-0.847454 -0.155614 0.50755 
-0.847527 -0.107134 0.519827 
-0.845481 -0.058384 0.530805 
-0.843364 -0.0304816 0.536478 
-0.843364 -0.0304816 0.536478 
-0.816025 -0.02624 0.57742 
-0.786585 -0.0219189 0.617092 
-0.755115 -0.0175308 0.655358 
-0.721697 -0.0130889 0.692085 
-0.686424 -0.0086069 0.727151 
-0.649398 -0.00409855 0.760437 
-0.610732 0.000422066 0.791837 
-0.570545 0.00494082 0.821252 
-0.561688 0.0059141 0.827328 
-0.561688 0.0059141 0.827328 
-0.523238 -0.0137564 0.852076 
-0.483405 -0.0334347 0.874758 
-0.442306 -0.0530593 0.895293 
-0.400066 -0.0725686 0.913609 
-0.356815 -0.0919012 0.929644 
-0.316953 -0.109178 0.942136 
-0.316953 -0.109178 0.942136 
-0.343516 -0.067837 0.936694 
-0.369328 -0.0261848 0.92893 
-0.394302 0.0156519 0.918848 
-0.418352 0.0575436 0.906461 
-0.441398 0.0993596 0.891794 
-0.463363 0.140969 0.874884 
-0.484178 0.18224 0.85578 
-0.503728 0.223024 0.834461 
-0.505238 0.226173 0.832815 
-0.505238 0.226173 0.832815 
-0.46777 0.2094 0.858687 
-0.428972 0.192032 0.88267 
-0.388942 0.174112 0.90466 
-0.347786 0.155688 0.924557 
-0.305615 0.13681 0.942275 
-0.262552 0.117533 0.957733 
-0.218721 0.0979116 0.970863 
-0.174254 0.0780059 0.981606 
-0.129288 0.0578764 0.989917 
-0.0839603 0.0375853 0.99576 
-0.0384131 0.0171958 0.999114 
0 0 1 

