0 0 -1 
0 0 -1 
0.0443872 -0.000468716 -0.999014 
0.0891966 -0.00094189 -0.996014 
0.134315 -0.00141833 -0.990938 
0.179623 -0.00189677 -0.983734 
0.224995 -0.00237588 -0.974357 
0.270299 -0.00285428 -0.962772 
0.315401 -0.00333054 -0.948953 
0.36016 -0.00380318 -0.932883 
0.404433 -0.0042707 -0.914558 
0.448077 -0.00473156 -0.893983 
0.490945 -0.00518424 -0.871175 
0.532892 -0.00562719 -0.846164 
0.573774 -0.00605889 -0.818991 
0.613449 -0.00647784 -0.789708 
0.651778 -0.00688258 -0.758379 
0.688627 -0.0072717 -0.725079 
0.723868 -0.00764384 -0.689896 
0.75738 -0.00799771 -0.652925 
0.789049 -0.00833213 -0.614274 
0.818769 -0.00864596 -0.574058 
0.846446 -0.00893822 -0.5324 
0.865049 -0.00913466 -0.501605 
0.865049 -0.00913466 -0.501605 
0.856953 -0.0464398 -0.513297 
0.847337 -0.0842403 -0.524332 
0.836154 -0.122461 -0.53465 
0.823364 -0.161021 -0.544192 
0.808931 -0.199831 -0.552899 
0.792827 -0.238799 -0.560714 
0.775028 -0.277824 -0.567578 
0.755518 -0.316801 -0.573437 
0.734287 -0.355619 -0.578237 
0.711334 -0.394164 -0.581926 
0.686667 -0.432316 -0.584458 
0.660301 -0.469953 -0.585786 
0.632263 -0.50695 -0.585872 
0.602584 -0.54318 -0.584678 
0.57131 -0.578514 -0.582174 
0.538494 -0.612825 -0.578334 
0.504198 -0.645985 -0.573139 
0.468494 -0.677869 -0.566574 
0.431463 -0.708355 -0.558634 
0.393195 -0.737325 -0.549317 
0.353789 -0.764664 -0.538631 
0.313349 -0.790264 -0.526588 
0.271988 -0.814026 -0.51321 
0.229827 -0.835854 -0.498525 
0.18699 -0.855666 -0.482566 
0.143606 -0.873386 -0.465376 
0.0998087 -0.888947 -0.447003 
0.0557338 -0.902296 -0.4275 
0.0115191 -0.913388 -0.406927 
-0.011435 -0.918243 -0.395851 
-0.011435 -0.918243 -0.395851 
-0.01146 -0.936574 -0.350283 
-0.0114572 -0.952711 -0.303661 
-0.0114263 -0.966578 -0.256116 
-0.0113672 -0.978108 -0.207789 
-0.0112798 -0.987243 -0.158822 
-0.0111642 -0.993939 -0.109364 
-0.0110205 -0.998163 -0.0595677 
-0.0108491 -0.999895 -0.00958812 
-0.0106507 -0.999126 0.0404188 
-0.0105172 -0.997441 0.0707225 
-0.0105172 -0.997441 0.0707225 
-0.0425867 -0.99495 0.0908881 
-0.0751263 -0.990948 0.111255 
-0.108079 -0.985369 0.131782 
-0.141382 -0.97815 0.152425 
-0.174968 -0.969231 0.173139 
-0.208761 -0.958558 0.193872 
-0.242684 -0.946078 0.21457 
-0.276652 -0.931748 0.235179 
-0.310576 -0.915528 0.255638 
-0.344361 -0.897387 0.275885 
-0.377909 -0.877299 0.295858 
-0.411118 -0.855247 0.31549 
-0.443883 -0.831225 0.334713 
-0.476095 -0.805233 0.35346 
-0.507643 -0.777282 0.37166 
-0.538416 -0.747393 0.389244 
-0.568301 -0.715599 0.406143 
-0.597185 -0.68194 0.422288 
-0.624957 -0.64647 0.437612 
-0.651507 -0.609253 0.452049 
-0.676728 -0.570364 0.465537 
-0.700516 -0.529886 0.478014 
-0.722773 -0.487917 0.489425 
-0.743405 -0.444559 0.499717 
-0.762324 -0.399928 0.508841 
-0.779451 -0.354146 0.516756 
-0.794713 -0.307344 0.523423 
-0.808045 -0.259658 0.528811 
-0.819394 -0.211231 0.532893 
-0.828712 -0.162213 0.535652 
-0.835966 -0.112753 0.537073 
-0.84113 -0.0630065 0.537151 
-0.843364 -0.0304816 0.536478 
-0.843364 -0.0304816 0.536478 
-0.818464 -0.0295816 0.573796 
-0.791614 -0.0286112 0.610351 
-0.762828 -0.0275708 0.646013 
-0.73213 -0.0264612 0.680651 
-0.699552 -0.0252838 0.714134 
-0.665141 -0.0240401 0.746331 
-0.628951 -0.0227321 0.777113 
-0.591048 -0.0213622 0.806353 
-0.55151 -0.0199331 0.83393 
-0.510423 -0.0184481 0.859726 
-0.467885 -0.0169107 0.883628 
-0.424002 -0.0153246 0.905532 
-0.37889 -0.0136942 0.92534 
-0.332674 -0.0120238 0.942965 
-0.285485 -0.0103182 0.958328 
-0.237462 -0.00858256 0.971359 
-0.18875 -0.00682195 0.982002 
-0.139496 -0.00504177 0.99021 
-0.089853 -0.00324754 0.99595 
-0.0399763 -0.00144486 0.9992 
0 0 1 

