0.30872 0.676558 -0.298248 0.52921 0.592092 -0.476866 -0.37678 
0.471376 0.325137 -0.353449 0.0835888 0.601026 -0.64294 -0.467343 
0.723652 0.587055 -0.297671 -0.273986 0.326251 -0.732385 -0.531134 
0.830063 0.883884 -0.208496 0.139348 0.249369 -0.73905 -0.610084 
0.593063 0.761053 -0.532058 0.549365 0.113214 -0.651221 -0.511168 
0.93246 0.941407 -0.455566 0.39856 0.208721 -0.782895 -0.429722 
0.972525 0.5606 -0.728841 0.54191 -0.0596718 -0.780032 -0.30712 
0.545854 0.683997 -0.237616 0.551758 0.173839 -0.814179 -0.0495456 
0.587691 0.717593 -0.0967991 0.285437 -0.0456513 -0.882086 -0.371976 
0.319694 0.777055 -0.328563 0.00158867 -0.151509 -0.794407 -0.588184 
0.611689 0.768521 -0.335821 -0.00861407 -0.061828 -0.759589 -0.647401 
0.586033 0.921142 -0.616504 0.286328 -0.112041 -0.507074 -0.805195 
0.861516 0.49305 -0.971101 0.227963 -0.329789 -0.228687 -0.887116 
0.893247 0.885371 -0.942665 0.363884 -0.15477 0.0357396 -0.9178 
0.659413 0.594842 -0.912703 0.406012 -0.459589 -0.0295224 -0.789342 
0.623683 0.591973 -0.944348 -0.0501804 0.666901 0.214141 0.711948 
0.425698 0.79733 -0.662748 -0.167137 0.695179 -0.22862 0.6607 
0.122243 0.634424 -0.209629 -0.487405 0.70684 -0.160783 0.486788 
-0.179671 0.19353 -0.0518794 -0.177215 0.788189 0.165089 0.565773 
-0.252642 -0.21268 0.292891 -0.115936 0.801637 -0.310799 0.497333 
0.22522 -0.210279 0.202039 0.102904 0.885758 -0.29532 0.342971 
0.507002 0.036301 -0.0395056 -0.0635104 0.84658 -0.135426 0.510811 
0.973234 -0.00108535 0.0245211 -0.131688 0.921102 0.108798 0.349846 
0.993787 0.464689 0.260629 0.049125 0.982899 0.166132 0.0624253 
0.568287 0.539105 0.134372 -0.399538 0.876506 0.234014 0.131699 
0.461214 0.801059 -0.270844 -0.175165 0.972658 0.152172 0.00983873 
0.386943 0.886299 -0.0455335 0.263668 0.962526 0.00613436 -0.0631223 
0.646347 0.523055 0.292509 0.1813 0.97889 0.0413468 -0.0848253 
0.845752 0.559967 0.593695 -0.189 0.917182 0.341925 -0.0783881 
0.58106 0.882849 0.393916 -0.00115792 0.997359 0.0478358 0.0546478 
0.996034 0.646563 0.527637 -0.184776 0.963553 -0.192888 0.0147874 
0.556465 0.96792 0.866826 -0.318744 0.840108 -0.436728 0.0434796 
0.386727 0.884647 0.632132 -0.0822365 0.763062 -0.636098 0.0797096 
0.335489 0.791816 0.335629 0.0369893 0.918297 -0.392848 0.0321289 
0.740213 0.698601 0.675964 -0.340513 0.881387 -0.257799 -0.201859 
0.650195 0.218991 0.691636 -0.572792 0.816292 0.0624072 -0.0410184 
0.601083 -0.00753693 0.869404 -0.676122 0.618661 0.112923 0.383883 
0.751718 0.193056 0.691934 -0.785773 0.611654 -0.0880237 0.0263161 
0.841467 -0.10684 0.658372 -0.500095 0.798471 -0.264877 -0.205399 
0.701242 0.289596 0.294116 -0.373612 0.818122 -0.324108 -0.293333 
0.258095 0.0344263 0.243842 -0.500499 0.7834 -0.321609 -0.179869 
-0.159788 0.425363 0.673852 -0.111232 0.838877 -0.506509 -0.165415 
-0.527268 0.686873 0.933935 -0.302102 0.874545 -0.358956 0.122702 
-0.699377 0.592284 0.958693 -0.422896 0.655041 -0.62141 0.0770115 
-0.312123 0.289323 0.857106 -0.625968 0.712054 -0.227113 0.222629 
-0.483553 -0.0580739 0.496773 -0.579081 0.428884 -0.616686 0.316893 
-0.165284 -0.440209 0.220141 -0.547234 0.363308 -0.610222 0.442913 
-0.521827 -0.315234 0.659393 -0.57686 0.533678 -0.20999 0.581657 
-0.865155 -0.012529 0.441976 -0.578384 0.508841 -0.56149 0.302128 
-0.777253 0.463515 0.105538 -0.579095 0.362609 -0.273734 0.67693 
-0.962828 0.398281 0.124045 -0.7162 0.0669181 -0.333171 0.609571 
-0.818911 0.59396 -0.171611 -0.647776 -0.023191 -0.201008 0.734469 
-0.559454 0.828323 -0.222695 -0.388445 0.177262 -0.151105 0.891547 
-0.665431 0.938147 0.197335 -0.0450483 0.456532 -0.25043 0.852546 
-0.814881 0.752828 0.430124 -0.156508 0.503304 -0.073199 0.846659 
-0.660737 0.963387 -0.0151038 -0.0326764 0.376803 -0.353239 0.855672 
-0.508622 0.970222 0.455311 0.223369 0.656737 -0.0709541 0.716777 
-0.418545 0.60715 0.280624 0.522451 0.36476 -0.294932 0.712047 
-0.671299 0.511424 0.407067 0.673256 0.0724329 -0.103517 0.728536 
-0.977243 0.809503 0.55889 0.860922 -0.235922 -0.132 0.430965 
-0.707396 0.413474 0.486403 0.847253 -0.499846 -0.0725354 0.164484 
-0.928211 0.531752 0.356886 0.934593 -0.243722 -0.247537 -0.0765505 
-0.938767 0.425252 0.218079 0.904674 -0.0053929 -0.330373 0.269052 
-0.897084 0.071908 0.610729 0.770071 -0.0549712 -0.627107 0.10347 
-0.911169 0.381486 0.658648 0.744333 0.101854 -0.611455 -0.248431 
-0.757804 0.0988802 0.441593 0.523452 0.339608 -0.779887 0.0493976 
-0.289735 -0.267454 0.720324 0.573166 -0.121062 -0.796988 0.147087 
-0.249863 0.0760541 0.832575 0.391757 0.129085 -0.906062 -0.0944242 
0.0171023 0.0332638 0.522475 0.593323 0.410371 -0.671184 0.170517 
0.493276 0.259224 0.956775 0.50024 0.492278 -0.488317 0.518622 
0.50714 0.199649 0.79946 0.511802 0.611944 -0.474964 0.371472 
0.0456758 0.574832 0.603998 0.73269 0.508121 -0.450473 -0.0453152 
-0.319766 0.848082 0.904142 0.86043 0.493293 -0.0801517 0.0994914 
-0.48686 0.381911 0.75721 0.758068 0.520917 0.347574 0.18213 
-0.149806 0.298317 0.953752 0.773954 0.544982 0.133836 0.29339 
0.174108 0.796911 0.720317 0.727089 0.632069 0.256732 -0.0769379 
0.192901 0.677158 0.298585 0.951004 0.301478 0.0619767 0.0293348 
0.41136 0.787207 -0.167153 0.769611 0.520143 -0.0600523 0.365436 
0.626314 0.919965 -0.243976 0.553129 0.695691 -0.187034 0.418426 
0.791962 0.739644 -0.228082 0.760701 0.620669 -0.135078 0.133638 
0.538282 0.944211 0.106045 0.734519 0.532582 -0.355661 -0.224375 
0.649784 0.592117 -0.39689 0.811485 0.198789 -0.549458 0.00842678 
0.922778 0.589861 -0.0223849 0.576544 0.222686 -0.764613 -0.182687 
0.645242 0.15087 0.224773 0.800072 0.417319 -0.401855 -0.1557 
0.772481 0.378767 0.0965537 0.516464 0.550237 -0.653979 -0.0530713 
0.759238 0.611905 0.128592 0.646949 0.229731 -0.703186 -0.184961 
0.606679 0.463532 0.351245 0.607569 0.317533 -0.643161 -0.341141 
0.239404 0.748407 0.817058 0.776953 0.234707 -0.33921 -0.475598 
0.195204 0.686261 0.410557 0.854686 0.340795 -0.100165 -0.3786 
0.355213 0.653363 0.277625 0.608318 0.43921 -0.495853 -0.437234 
-0.12236 0.229808 0.707834 0.60613 0.296877 -0.268584 -0.687264 
0.0143004 -0.0981561 0.602104 0.574515 0.00821016 0.115506 -0.810262 
-0.324049 0.32487 0.562736 0.435933 -0.0723977 0.345491 -0.827863 
-0.376521 -0.166542 0.767271 0.205312 0.275997 0.545244 -0.764449 
-0.209152 0.253615 0.312675 0.000745515 0.165211 0.603338 -0.780185 
-0.654065 0.553047 0.697542 0.253081 -0.145679 0.353082 -0.888854 
-0.200702 0.829063 0.51158 0.541334 -0.336365 0.100211 -0.764051 
-0.507633 0.841311 0.888441 0.453364 -0.528621 0.0298921 -0.717026 
-0.0321201 0.938682 0.97906 0.595946 -0.43486 0.1805 -0.650511 
-0.29425 0.517284 0.917619 0.6057 -0.200962 0.433935 -0.635958 
0.145472 0.578849 0.537977 0.480869 -0.176346 0.332017 -0.792106 
0.555066 0.088002 0.438527 0.166574 -0.0628026 0.657022 -0.732551 
0.649784 0.44454 0.798607 -0.115752 0.218952 0.744716 -0.619726 
0.943432 0.0861763 0.324405 0.119392 0.204484 0.920493 -0.310844 
0.540932 0.327527 0.7366 0.0569921 0.214718 0.687065 -0.691802 
0.590886 0.510387 0.597491 0.118823 0.12472 0.303145 -0.937245 
0.855647 0.209442 0.870027 -0.152201 0.296012 0.569281 -0.751752 
0.733894 0.26497 0.917491 0.0156821 0.426342 0.57403 -0.69891 
0.46563 -0.163714 0.950632 0.0783251 0.223874 0.481093 -0.843976 
0.788441 0.0764648 0.468964 0.202465 0.198428 0.550792 -0.785024 
0.919512 0.227381 0.150274 0.423888 -0.239155 0.51618 -0.704756 
0.563893 -0.195951 0.0478704 0.55045 -0.520936 0.500966 -0.417929 
0.834042 0.0556496 0.0173835 0.220144 -0.535203 0.347077 -0.737992 
0.769016 0.457609 -0.170274 0.274111 -0.30196 0.129209 -0.903874 
0.83231 0.170933 -0.0625276 0.10436 0.0446861 0.371586 -0.921432 
0.722359 0.097479 -0.118987 0.410256 0.0230448 0.305895 -0.858829 
0.317344 0.334396 0.0174874 0.294054 0.141279 -0.0532066 -0.943791 
0.234048 0.821209 -0.119664 0.116595 0.1453 -0.163803 -0.968743 
-0.0178786 0.520915 -0.0566406 0.238987 0.385418 0.104348 -0.885127 
-0.214082 0.594689 -0.353973 0.31816 0.136771 0.456146 -0.819755 
0.0800732 0.346361 -0.739178 0.296821 0.458777 0.650642 -0.527339 
-0.00350865 0.62382 -0.813112 0.103079 0.36081 0.751764 -0.542256 
0.148037 0.496079 -0.93055 0.319908 0.465662 0.521182 -0.639677 
-0.192032 0.432195 -0.856826 -0.0990969 0.532893 0.622276 -0.564781 
-0.0057425 0.76069 -0.752024 -0.503896 0.514427 0.539464 -0.436385 
0.0708787 0.672538 -0.495899 -0.482914 0.119353 0.696129 -0.517642 

