0 0 0 0 1.5708 
0 0 0 0 1.5708 
-0.0468683 0.0511835 0.0250395 -0.0155231 1.59302 
-0.0929203 0.101783 0.0498106 -0.0307994 1.61493 
-0.13821 0.151839 0.0743305 -0.0458479 1.63654 
-0.182787 0.201389 0.0986155 -0.0606861 1.65786 
-0.226697 0.250471 0.122681 -0.0753304 1.6789 
-0.269983 0.299117 0.146542 -0.0897959 1.69969 
-0.312685 0.34736 0.170212 -0.104097 1.72024 
-0.35484 0.395231 0.193703 -0.118247 1.74055 
-0.396484 0.44276 0.217029 -0.13226 1.76064 
-0.43765 0.489975 0.240201 -0.146147 1.78052 
-0.478371 0.536903 0.263231 -0.159919 1.80021 
-0.518675 0.58357 0.286129 -0.17359 1.8197 
-0.558593 0.630003 0.308906 -0.187168 1.839 
-0.598152 0.676226 0.331571 -0.200665 1.85814 
-0.637378 0.722263 0.354135 -0.214092 1.8771 
-0.6763 0.768139 0.376606 -0.227458 1.89591 
-0.714941 0.813877 0.398992 -0.240775 1.91456 
-0.753328 0.8595 0.421304 -0.254051 1.93306 
-0.791486 0.905032 0.443549 -0.267297 1.95142 
-0.829439 0.950496 0.465734 -0.280523 1.96964 
-0.867213 0.995914 0.487868 -0.29374 1.98773 
-0.904833 1.04131 0.509958 -0.306959 2.00569 
-0.942327 1.08671 0.53201 -0.320189 2.02352 
-0.97972 1.13213 0.554033 -0.333441 2.04123 
-1.01704 1.1776 0.576031 -0.346729 2.05883 
-1.05432 1.22314 0.598012 -0.360062 2.07631 
-1.09158 1.26878 0.619982 -0.373454 2.09367 
-1.12887 1.31455 0.641944 -0.386918 2.11093 
-1.16622 1.36046 0.663905 -0.400467 2.12808 
-1.20366 1.40654 0.685869 -0.414115 2.14513 
-1.24124 1.45282 0.70784 -0.427878 2.16208 
-1.27901 1.49933 0.729822 -0.441772 2.17894 
-1.31702 1.54609 0.751816 -0.455812 2.1957 
-1.35533 1.59313 0.773827 -0.470016 2.21239 
-1.394 1.64047 0.795854 -0.484402 2.229 
-1.43311 1.68814 0.8179 -0.498989 2.24555 
-1.47274 1.73616 0.839966 -0.513794 2.26206 
-1.51299 1.78455 0.862053 -0.528837 2.27855 
-1.55396 1.83333 0.884162 -0.544134 2.29505 
-1.59578 1.88251 0.906298 -0.559702 2.31161 
-1.63857 1.93209 0.928466 -0.575554 2.32829 
-1.68249 1.98207 0.950677 -0.591699 2.34516 
-1.72769 2.03245 0.972947 -0.608141 2.36231 
-1.77434 2.0832 0.995301 -0.624879 2.37987 
-1.82262 2.13428 1.01778 -0.641902 2.39799 
-1.87268 2.18565 1.04042 -0.659192 2.41685 
-1.92469 2.23727 1.0633 -0.676725 2.43666 
-1.9788 2.28906 1.08648 -0.694467 2.45765 
-2.03512 2.34098 1.11007 -0.712384 2.48007 
-2.09375 2.39295 1.13417 -0.730441 2.5042 
-2.15475 2.44492 1.15888 -0.748606 2.53029 
-2.21814 2.49686 1.18431 -0.766859 2.55861 
-2.28396 2.54873 1.21058 -0.785191 2.58939 
-2.3522 2.60053 1.23779 -0.80361 2.62285 
-2.42289 2.65227 1.26602 -0.822143 2.65916 
-2.49604 2.70398 1.29535 -0.840833 2.69848 
-2.57172 2.75573 1.32586 -0.859744 2.74093 
-2.65002 2.80761 1.35761 -0.878956 2.7866 
-2.72885 2.85834 1.38974 -0.898033 2.83421 
-2.72885 2.85834 1.38974 -0.898033 2.83421 
-2.69898 2.90872 1.34861 -0.902513 2.88602 
-2.66948 2.95898 1.30749 -0.906924 2.93738 
-2.64033 3.00916 1.26634 -0.911213 2.98842 
-2.61156 3.0593 1.2251 -0.915313 3.03925 
-2.58316 3.10946 1.18375 -0.919139 3.09004 
-2.55518 -3.12348 1.14225 -0.92258 -3.14223 
-2.52762 -3.0731 1.10057 -0.925488 -3.09093 
-2.50053 -3.0226 1.0587 -0.927681 -3.03889 
-2.47387 -2.97205 1.0167 -0.928951 -2.98561 
-2.44748 -2.92176 0.974693 -0.929137 -2.93034 
-2.42093 -2.87233 0.932902 -0.928296 -2.87217 
-2.39336 -2.82475 0.891609 -0.927016 -2.81022 
-2.36355 -2.78013 0.850949 -0.926622 -2.7443 
-2.33062 -2.7391 0.810728 -0.928763 -2.67536 
-2.29455 -2.70138 0.770536 -0.934438 -2.60512 
-2.2561 -2.66611 0.730084 -0.943578 -2.53503 
-2.21615 -2.63245 0.689318 -0.955487 -2.46589 
-2.18638 -2.60846 0.659335 -0.965494 -2.41604 
-2.18638 -2.60846 0.659335 -0.965494 -2.41604 
-2.13339 -2.57226 0.58716 -0.970925 -2.34341 
-2.08132 -2.53733 0.516766 -0.976654 -2.27252 
-2.03019 -2.5035 0.44802 -0.982526 -2.20324 
-1.98001 -2.47064 0.380809 -0.98845 -2.13544 
-1.93075 -2.43866 0.315038 -0.994363 -2.06902 
-1.8824 -2.4075 0.25062 -1.00023 -2.00389 
-1.83491 -2.37709 0.187475 -1.00602 -1.93997 
-1.78824 -2.3474 0.125533 -1.01174 -1.87719 
-1.74237 -2.31838 0.0647238 -1.01736 -1.81549 
-1.69726 -2.29 0.00498651 -1.02289 -1.75482 
-1.65288 -2.26224 -0.0537375 -1.02834 -1.69513 
-1.6092 -2.23507 -0.111503 -1.03371 -1.63639 
-1.56618 -2.20846 -0.16836 -1.039 -1.57855 
-1.52381 -2.18239 -0.224357 -1.04423 -1.52159 
-1.48205 -2.15684 -0.279538 -1.04941 -1.46548 
-1.44089 -2.13181 -0.333945 -1.05454 -1.41021 
-1.4003 -2.10726 -0.38762 -1.05964 -1.35574 
-1.36025 -2.08318 -0.440599 -1.06473 -1.30208 
-1.32074 -2.05956 -0.492919 -1.06981 -1.2492 
-1.28173 -2.03638 -0.544614 -1.0749 -1.1971 
-1.24322 -2.01363 -0.595718 -1.08003 -1.14577 
-1.20518 -1.99128 -0.646262 -1.08521 -1.09522 
-1.16759 -1.96932 -0.696278 -1.09047 -1.04545 
-1.13043 -1.94773 -0.745793 -1.09582 -0.996457 
-1.0937 -1.92647 -0.794837 -1.1013 -0.948256 
-1.05736 -1.90553 -0.843436 -1.10694 -0.900856 
-1.0214 -1.88488 -0.891615 -1.11275 -0.854271 
-0.985792 -1.86446 -0.939398 -1.11879 -0.808519 
-0.950528 -1.84425 -0.986806 -1.12509 -0.763617 
-0.915583 -1.8242 -1.03386 -1.13169 -0.719587 
-0.880937 -1.80424 -1.08057 -1.13863 -0.676452 
-0.846572 -1.78432 -1.12696 -1.14596 -0.634237 
-0.81247 -1.76436 -1.17303 -1.15373 -0.592967 
-0.778615 -1.74428 -1.21879 -1.16201 -0.552669 
-0.744995 -1.724 -1.26424 -1.17084 -0.51337 
-0.711603 -1.70341 -1.30937 -1.1803 -0.475097 
-0.678438 -1.6824 -1.35416 -1.19045 -0.437875 
-0.645505 -1.66086 -1.39859 -1.20138 -0.401731 
-0.612824 -1.63864 -1.44263 -1.21315 -0.366684 
-0.580422 -1.61563 -1.48622 -1.22586 -0.332753 
-0.548347 -1.59167 -1.52931 -1.23958 -0.299949 
-0.516659 -1.56661 -1.57181 -1.25441 -0.268275 
-0.485441 -1.54031 -1.61364 -1.27042 -0.237722 
-0.454846 -1.51247 -1.65459 -1.28783 -0.208365 
-0.448516 -1.50671 -1.66306 -1.29144 -0.202292 
-0.448516 -1.50671 -1.66306 -1.29144 -0.202292 
-0.442665 -1.51688 -1.6148 -1.23787 -0.250272 
-0.430067 -1.53421 -1.56743 -1.17213 -0.291427 
-0.414565 -1.56168 -1.52378 -1.0975 -0.327364 
-0.398868 -1.59776 -1.48403 -1.01813 -0.360797 
-0.383858 -1.64011 -1.44718 -0.936233 -0.393395 
-0.369584 -1.68693 -1.41217 -0.852608 -0.425945 
-0.356087 -1.73751 -1.37854 -0.767576 -0.458814 
-0.343132 -1.791 -1.34564 -0.681129 -0.492204 
-0.330597 -1.84707 -1.31315 -0.593191 -0.526235 
-0.318374 -1.9055 -1.28082 -0.503633 -0.560998 
-0.30637 -1.96618 -1.24843 -0.412295 -0.596572 
-0.294502 -2.02907 -1.21581 -0.31899 -0.633033 
-0.282698 -2.09418 -1.18282 -0.223516 -0.670459 
-0.270893 -2.16157 -1.14933 -0.12565 -0.708933 
-0.259026 -2.23131 -1.11519 -0.0251643 -0.748538 
-0.247044 -2.30349 -1.08031 0.0781669 -0.789357 
-0.234899 -2.37818 -1.04459 0.184529 -0.831457 
-0.22256 -2.4554 -1.00797 0.294007 -0.874864 
-0.210015 -2.535 -0.970467 0.406486 -0.919524 
-0.197283 -2.61667 -0.932184 0.521577 -0.965273 
-0.184436 -2.69997 -0.893326 0.638664 -1.01187 
-0.171419 -2.78436 -0.853958 0.757289 -1.05908 
-0.166759 -2.81458 -0.839865 0.799757 -1.07598 
-0.166759 -2.81458 -0.839865 0.799757 -1.07598 
-0.0541547 -2.87392 -0.851052 0.796234 -1.13572 
0.054985 -2.93138 -0.861797 0.792717 -1.19373 
0.160968 -2.98732 -0.872265 0.789122 -1.25022 
0.26407 -3.04207 -0.882586 0.785383 -1.30536 
0.364526 -3.09587 -0.892876 0.781447 -1.35932 
0.462537 3.1342 -0.903236 0.777264 -1.41224 
0.558273 3.0816 -0.913759 0.772795 -1.46423 
0.651878 3.02932 -0.924525 0.768002 -1.51541 
0.743471 2.9772 -0.93561 0.762853 -1.56586 
0.833149 2.92512 -0.947081 0.757318 -1.61568 
0.920991 2.87294 -0.959 0.751373 -1.66493 
1.00705 2.82057 -0.971425 0.744992 -1.71369 
1.09138 2.76791 -0.984407 0.738156 -1.76202 
1.17399 2.71487 -0.997995 0.730847 -1.80995 
1.25489 2.66139 -1.01223 0.723048 -1.85753 
1.33408 2.6074 -1.02716 0.714747 -1.9048 
1.41152 2.55287 -1.04281 0.705934 -1.95177 
1.48719 2.49774 -1.05922 0.696604 -1.99846 
1.56103 2.442 -1.0764 0.686754 -2.04486 
1.63297 2.38562 -1.09439 0.676388 -2.09097 
1.70302 2.32868 -1.11314 0.665536 -2.13677 
1.77091 2.27102 -1.13278 0.654166 -2.1822 
1.83667 2.21273 -1.15324 0.642322 -2.22723 
1.90019 2.15384 -1.17452 0.630033 -2.2718 
1.96139 2.09436 -1.1966 0.617333 -2.31583 
2.0202 2.03434 -1.21947 0.604266 -2.35926 
2.07655 1.97381 -1.24309 0.59088 -2.40199 
2.13042 1.91281 -1.26742 0.577231 -2.44394 
2.18179 1.85137 -1.2924 0.563376 -2.48505 
2.23069 1.78955 -1.31799 0.549374 -2.52522 
2.27715 1.72736 -1.34413 0.535286 -2.56442 
2.32126 1.66486 -1.37074 0.521165 -2.60261 
2.36313 1.60205 -1.39777 0.507063 -2.63976 
2.40288 1.53897 -1.42515 0.493021 -2.67587 
2.44066 1.47564 -1.45282 0.479073 -2.71098 
2.47662 1.41208 -1.48071 0.465245 -2.74512 
2.51093 1.34829 -1.50879 0.451549 -2.77836 
2.54375 1.28429 -1.53699 0.437989 -2.81078 
2.57528 1.22006 -1.5653 0.42456 -2.84248 
2.60567 1.15556 -1.5937 0.411242 -2.87358 
2.6118 1.14256 -1.59942 0.408559 -2.87985 
2.6118 1.14256 -1.59942 0.408559 -2.87985 
2.64686 1.09623 -1.52338 0.389122 -2.82424 
2.6819 1.04852 -1.44571 0.369356 -2.76702 
2.7168 0.999185 -1.36623 0.349253 -2.70789 
2.7515 0.947985 -1.28479 0.328789 -2.64659 
2.78591 0.894637 -1.2012 0.307924 -2.58282 
2.81997 0.838824 -1.11523 0.286596 -2.51627 
2.85359 0.780185 -1.02664 0.264716 -2.44663 
2.88673 0.718308 -0.935151 0.242164 -2.37353 
2.91935 0.652716 -0.840395 0.218789 -2.29659 
2.95142 0.582858 -0.741943 0.194394 -2.21537 
2.98296 0.508079 -0.639248 0.168739 -2.12934 
3.01402 0.427599 -0.531623 0.141529 -2.03787 
3.04466 0.340454 -0.418182 0.112398 -1.94015 
3.075 0.245445 -0.297792 0.0808927 -1.83515 
3.10517 0.141105 -0.169068 0.0464636 -1.72161 
3.13516 0.0262516 -0.0310571 0.00864361 -1.59863 
3.14159 0 0 0 -1.5708 

