0 0 0 0 1.5708 
0 0 0 0 1.5708 
-0.0468683 0.0511835 0.0250395 -0.0155231 1.59302 
-0.0929203 0.101783 0.0498106 -0.0307994 1.61493 
-0.13821 0.151839 0.0743305 -0.0458479 1.63654 
-0.182787 0.201389 0.0986155 -0.0606861 1.65786 
-0.226697 0.250471 0.122681 -0.0753304 1.6789 
-0.269983 0.299117 0.146542 -0.0897959 1.69969 
-0.312685 0.34736 0.170212 -0.104097 1.72024 
-0.35484 0.395231 0.193703 -0.118247 1.74055 
-0.396484 0.44276 0.217029 -0.13226 1.76064 
-0.43765 0.489975 0.240201 -0.146147 1.78052 
-0.478371 0.536903 0.263231 -0.159919 1.80021 
-0.518675 0.58357 0.286129 -0.17359 1.8197 
-0.558593 0.630003 0.308906 -0.187168 1.839 
-0.598152 0.676226 0.331571 -0.200665 1.85814 
-0.637378 0.722263 0.354135 -0.214092 1.8771 
-0.6763 0.768139 0.376606 -0.227458 1.89591 
-0.714941 0.813877 0.398992 -0.240775 1.91456 
-0.753328 0.8595 0.421304 -0.254051 1.93306 
-0.791486 0.905032 0.443549 -0.267297 1.95142 
-0.829439 0.950496 0.465734 -0.280523 1.96964 
-0.867213 0.995914 0.487868 -0.29374 1.98773 
-0.904833 1.04131 0.509958 -0.306959 2.00569 
-0.942327 1.08671 0.53201 -0.320189 2.02352 
-0.97972 1.13213 0.554033 -0.333441 2.04123 
-1.01704 1.1776 0.576031 -0.346729 2.05883 
-1.05432 1.22314 0.598012 -0.360062 2.07631 
-1.09158 1.26878 0.619982 -0.373454 2.09367 
-1.12887 1.31455 0.641944 -0.386918 2.11093 
-1.16622 1.36046 0.663905 -0.400467 2.12808 
-1.20366 1.40654 0.685869 -0.414115 2.14513 
-1.24124 1.45282 0.70784 -0.427878 2.16208 
-1.27901 1.49933 0.729822 -0.441772 2.17894 
-1.31702 1.54609 0.751816 -0.455812 2.1957 
-1.35533 1.59313 0.773827 -0.470016 2.21239 
-1.394 1.64047 0.795854 -0.484402 2.229 
-1.43311 1.68814 0.8179 -0.498989 2.24555 
-1.47274 1.73616 0.839966 -0.513794 2.26206 
-1.51299 1.78455 0.862053 -0.528837 2.27855 
-1.55396 1.83333 0.884162 -0.544134 2.29505 
-1.59578 1.88251 0.906298 -0.559702 2.31161 
-1.63857 1.93209 0.928466 -0.575554 2.32829 
-1.68249 1.98207 0.950677 -0.591699 2.34516 
-1.72769 2.03245 0.972947 -0.608141 2.36231 
-1.77434 2.0832 0.995301 -0.624879 2.37987 
-1.82262 2.13428 1.01778 -0.641902 2.39799 
-1.87268 2.18565 1.04042 -0.659192 2.41685 
-1.92469 2.23727 1.0633 -0.676725 2.43666 
-1.9788 2.28906 1.08648 -0.694467 2.45765 
-2.03512 2.34098 1.11007 -0.712384 2.48007 
-2.09375 2.39295 1.13417 -0.730441 2.5042 
-2.15475 2.44492 1.15888 -0.748606 2.53029 
-2.21814 2.49686 1.18431 -0.766859 2.55861 
-2.28396 2.54873 1.21058 -0.785191 2.58939 
-2.3522 2.60053 1.23779 -0.80361 2.62285 
-2.42289 2.65227 1.26602 -0.822143 2.65916 
-2.49604 2.70398 1.29535 -0.840833 2.69848 
-2.57172 2.75573 1.32586 -0.859744 2.74093 
-2.65002 2.80761 1.35761 -0.878956 2.7866 
-2.72885 2.85834 1.38974 -0.898033 2.83421 
-2.72885 2.85834 1.38974 -0.898033 2.83421 
-2.69898 2.90872 1.34861 -0.902513 2.88602 
-2.66948 2.95898 1.30749 -0.906924 2.93738 
-2.64033 3.00916 1.26634 -0.911213 2.98842 
-2.61156 3.0593 1.2251 -0.915313 3.03925 
-2.58316 3.10946 1.18375 -0.919139 3.09004 
-2.55518 -3.12348 1.14225 -0.92258 -3.14223 
-2.52762 -3.0731 1.10057 -0.925488 -3.09093 
-2.50053 -3.0226 1.0587 -0.927681 -3.03889 
-2.47387 -2.97205 1.0167 -0.928951 -2.98561 
-2.44748 -2.92176 0.974693 -0.929137 -2.93034 
-2.42093 -2.87233 0.932902 -0.928296 -2.87217 
-2.39336 -2.82475 0.891609 -0.927016 -2.81022 
-2.36355 -2.78013 0.850949 -0.926622 -2.7443 
-2.33062 -2.7391 0.810728 -0.928763 -2.67536 
-2.29455 -2.70138 0.770536 -0.934438 -2.60512 
-2.2561 -2.66611 0.730084 -0.943578 -2.53503 
-2.21615 -2.63245 0.689318 -0.955487 -2.46589 
-2.18638 -2.60846 0.659335 -0.965494 -2.41604 
-2.18638 -2.60846 0.659335 -0.965494 -2.41604 
-2.18965 -2.56395 0.638814 -0.976737 -2.41511 
-2.19203 -2.51646 0.619598 -0.985171 -2.41313 
-2.19348 -2.46603 0.601598 -0.991144 -2.41046 
-2.19496 -2.41261 0.584916 -0.993665 -2.40665 
-2.19713 -2.35654 0.569411 -0.992529 -2.40155 
-2.20045 -2.29824 0.554858 -0.987833 -2.39509 
-2.20521 -2.23815 0.541008 -0.979869 -2.38728 
-2.21153 -2.17661 0.527641 -0.969003 -2.37814 
-2.21943 -2.11386 0.514574 -0.955587 -2.36774 
-2.22888 -2.05004 0.501669 -0.93992 -2.35611 
-2.23985 -1.98523 0.488819 -0.922242 -2.34329 
-2.25229 -1.91948 0.475941 -0.902731 -2.3293 
-2.26619 -1.85277 0.462966 -0.88152 -2.31414 
-2.28155 -1.7851 0.449835 -0.858699 -2.29779 
-2.29839 -1.71642 0.436495 -0.834327 -2.28023 
-2.31674 -1.64668 0.422892 -0.808437 -2.26141 
-2.33668 -1.57583 0.408971 -0.781043 -2.24127 
-2.35828 -1.50381 0.394673 -0.752144 -2.21975 
-2.38165 -1.43055 0.379934 -0.721728 -2.19679 
-2.40691 -1.35597 0.364683 -0.689776 -2.17229 
-2.4342 -1.28003 0.348845 -0.656269 -2.1462 
-2.46367 -1.20265 0.332336 -0.62119 -2.11844 
-2.49546 -1.12381 0.315071 -0.584532 -2.08896 
-2.52973 -1.04347 0.296963 -0.546304 -2.0577 
-2.5666 -0.961664 0.277933 -0.506538 -2.02467 
-2.60616 -0.878444 0.25791 -0.4653 -1.98988 
-2.64848 -0.793918 0.236841 -0.422686 -1.9534 
-2.69355 -0.708224 0.214691 -0.378818 -1.91534 
-2.74134 -0.621503 0.19144 -0.333826 -1.87579 
-2.7918 -0.533872 0.167074 -0.287833 -1.8349 
-2.84489 -0.445401 0.141582 -0.240938 -1.79275 
-2.90056 -0.356114 0.11495 -0.19321 -1.74946 
-2.95878 -0.265986 0.0871571 -0.144691 -1.70506 
-3.01957 -0.174955 0.0581769 -0.0953938 -1.65961 
-3.08293 -0.0829256 0.0279739 -0.0453084 -1.61311 
3.14159 0 0 0 -1.5708 

