1.19509 -1.19458e-17 0.980785 1.19509 -1.19458e-17 1.98079 1 0 2.96157 8.5124e-17 1.19509 0.980785 8.5124e-17 1.19509 1.98079 6.12323e-17 1 2.96157 -1.19509 1.58302e-16 0.980785 -1.19509 1.58302e-16 1.98079 -1 1.22465e-16 2.96157 -2.3148e-16 -1.19509 0.980785 -2.3148e-16 -1.19509 1.98079 -1.83697e-16 -1 2.96157 
1.19509 -1.19458e-17 0.980785 1.19509 -1.19458e-17 1.98079 1 0 2.96157 8.5124e-17 1.19509 0.980785 8.5124e-17 1.19509 1.98079 6.12323e-17 1 2.96157 -1.19509 1.58302e-16 0.980785 -1.19509 1.58302e-16 1.98079 -1 1.22465e-16 2.96157 -2.3148e-16 -1.19509 0.980785 -2.3148e-16 -1.19509 1.98079 -1.83697e-16 -1 2.96157 
1.20822 -1.13948e-17 0.97809 1.2055 -1.00509e-17 1.97809 1 4.4597e-19 2.95675 8.45812e-17 1.20822 0.97809 8.44333e-17 1.2055 1.97809 5.66263e-17 1 2.95675 -1.20822 1.60123e-16 0.97809 -1.2055 1.59631e-16 1.97809 -1 1.21107e-16 2.95675 -2.34106e-16 -1.20822 0.97809 -2.33446e-16 -1.2055 1.97809 -1.84185e-16 -1 2.95675 
1.22153 -8.94994e-18 0.975163 1.21588 -8.03104e-18 1.97515 1 -9.20304e-19 2.95157 8.72003e-17 1.22153 0.975163 8.45479e-17 1.21588 1.97515 5.58156e-17 1 2.95157 -1.22153 1.61964e-16 0.975163 -1.21588 1.60967e-16 1.97515 -1 1.18527e-16 2.95157 -2.36761e-16 -1.22153 0.975163 -2.35393e-16 -1.21588 1.97515 -1.82552e-16 -1 2.95157 
1.235 -9.25454e-18 0.972005 1.22622 -8.86301e-18 1.97197 1 3.2542e-17 2.94605 8.80282e-17 1.235 0.972005 8.55296e-17 1.22622 1.97197 5.89814e-17 1 2.94605 -1.235 1.63821e-16 0.972005 -1.22622 1.62327e-16 1.97197 -1 1.49011e-16 2.94605 -2.39443e-16 -1.235 0.972005 -2.37348e-16 -1.22622 1.97197 -1.8047e-16 -1 2.94605 
1.24862 -2.0003e-17 0.968614 1.23652 -4.31314e-18 1.96855 1 1.03613e-17 2.94017 8.91526e-17 1.24862 0.968614 8.53117e-17 1.23652 1.96855 5.836e-17 1 2.94017 -1.24862 1.65692e-16 0.968614 -1.23652 1.63277e-16 1.96855 -1 1.22444e-16 2.94017 -2.42149e-16 -1.24862 0.968614 -2.39316e-16 -1.23652 1.96855 -1.81654e-16 -1 2.94017 
1.26235 -1.50355e-17 0.964984 1.24677 -7.57703e-18 1.96487 1 8.21069e-18 2.93394 8.97039e-17 1.26235 0.964984 8.69438e-17 1.24677 1.96487 5.91593e-17 1 2.93394 -1.26235 1.67581e-16 0.964984 -1.24677 1.64553e-16 1.96487 -1 1.19881e-16 2.93394 -2.44873e-16 -1.26235 0.964984 -2.41252e-16 -1.24677 1.96487 -1.82859e-16 -1 2.93394 
1.27619 -1.25414e-17 0.961115 1.25697 -7.21815e-18 1.96094 1 1.08101e-17 2.92736 9.04789e-17 1.27619 0.961115 8.89067e-17 1.25697 1.96094 5.84248e-17 1 2.92736 -1.27619 1.69478e-16 0.961115 -1.25697 1.65847e-16 1.96094 -1 1.17729e-16 2.92736 -2.47612e-16 -1.27619 0.961115 -2.43156e-16 -1.25697 1.96094 -1.82565e-16 -1 2.92736 
1.29012 -1.49102e-17 0.957004 1.2671 -1.37033e-17 1.95675 1 9.72573e-18 2.92042 9.20864e-17 1.29012 0.957004 8.9549e-17 1.2671 1.95675 5.78474e-17 1 2.92042 -1.29012 1.7138e-16 0.957004 -1.2671 1.67154e-16 1.95675 -1 1.16666e-16 2.92042 -2.5036e-16 -1.29012 0.957004 -2.45046e-16 -1.2671 1.95675 -1.81434e-16 -1 2.92042 
1.3041 -1.30759e-17 0.952653 1.27717 -1.57406e-17 1.9523 1 1.17595e-17 2.91312 9.24394e-17 1.3041 0.952653 8.98378e-17 1.27717 1.9523 5.62129e-17 1 2.91312 -1.3041 1.73283e-16 0.952653 -1.27717 1.68459e-16 1.9523 -1 1.15528e-16 2.91312 -2.53115e-16 -1.3041 0.952653 -2.46932e-16 -1.27717 1.9523 -1.82149e-16 -1 2.91312 
1.31813 -1.07391e-17 0.948062 1.28718 -2.03458e-17 1.94759 1 1.68972e-17 2.90547 9.39787e-17 1.31813 0.948062 9.08642e-17 1.28718 1.94759 5.71622e-17 1 2.90547 -1.31813 1.75184e-16 0.948062 -1.28718 1.69762e-16 1.94759 -1 1.21244e-16 2.90547 -2.5587e-16 -1.31813 0.948062 -2.4879e-16 -1.28718 1.94759 -1.81664e-16 -1 2.90547 
1.33218 -7.13336e-18 0.943232 1.29711 -2.29347e-17 1.94263 1 1.63705e-17 2.89747 9.57575e-17 1.33218 0.943232 9.30155e-17 1.29711 1.94263 6.65742e-17 1 2.89747 -1.33218 1.7708e-16 0.943232 -1.29711 1.70985e-16 1.94263 -1 1.1785e-16 2.89747 -2.58622e-16 -1.33218 0.943232 -2.50635e-16 -1.29711 1.94263 -1.72755e-16 -1 2.89747 
1.34622 -8.99076e-18 0.938168 1.30698 -2.29421e-17 1.93741 1 1.88285e-17 2.88912 9.64905e-17 1.34622 0.938168 9.35396e-17 1.30698 1.93741 5.8452e-17 1 2.88912 -1.34622 1.78968e-16 0.938168 -1.30698 1.72231e-16 1.93741 -1 1.18641e-16 2.88912 -2.61366e-16 -1.34622 0.938168 -2.52559e-16 -1.30698 1.93741 -1.77164e-16 -1 2.88912 
1.36025 -1.33022e-19 0.932873 1.31678 -2.10252e-17 1.93194 1 1.87433e-17 2.88044 9.7802e-17 1.36025 0.932873 9.49832e-17 1.31678 1.93194 6.32172e-17 1 2.88044 -1.36025 1.80846e-16 0.932873 -1.31678 1.73454e-16 1.93194 -1 1.17518e-16 2.88044 -2.64097e-16 -1.36025 0.932873 -2.54415e-16 -1.31678 1.93194 -1.68965e-16 -1 2.88044 
1.37423 3.23896e-18 0.927352 1.3265 -2.10273e-17 1.92622 1 1.73232e-17 2.87142 1.00815e-16 1.37423 0.927352 9.61097e-17 1.3265 1.92622 3.06148e-17 1 2.87142 -1.37423 1.8271e-16 0.927352 -1.3265 1.74674e-16 1.92622 -1 1.18712e-16 2.87142 -2.66813e-16 -1.37423 0.927352 -2.56338e-16 -1.3265 1.92622 -1.98535e-16 -1 2.87142 
1.38816 1.85401e-19 0.921611 1.33616 -2.63558e-17 1.92027 1 1.65023e-17 2.86208 1.02414e-16 1.38816 0.921611 9.71916e-17 1.33616 1.92027 4.66242e-17 1 2.86208 -1.38816 1.84558e-16 0.921611 -1.33616 1.75867e-16 1.92027 -1 1.15505e-16 2.86208 -2.69507e-16 -1.38816 0.921611 -2.57939e-16 -1.33616 1.92027 -1.84484e-16 -1 2.86208 
1.40201 -8.81532e-18 0.915654 1.34574 -3.16746e-17 1.91408 1 1.47648e-17 2.85241 1.04902e-16 1.40201 0.915654 9.86757e-17 1.34574 1.91408 5.27054e-17 1 2.85241 -1.40201 1.86388e-16 0.915654 -1.34574 1.77078e-16 1.91408 -1 1.1451e-16 2.85241 -2.72181e-16 -1.40201 0.915654 -2.59664e-16 -1.34574 1.91408 -1.78923e-16 -1 2.85241 
1.41576 -6.84077e-18 0.909489 1.35526 -3.01156e-17 1.90767 1 1.62341e-17 2.84244 1.04217e-16 1.41576 0.909489 9.90712e-17 1.35526 1.90767 3.17093e-17 1 2.84244 -1.41576 1.88198e-16 0.909489 -1.35526 1.78285e-16 1.90767 -1 1.1597e-16 2.84244 -2.74829e-16 -1.41576 0.909489 -2.61425e-16 -1.35526 1.90767 -1.98843e-16 -1 2.84244 
1.42942 -5.47679e-18 0.903123 1.36472 -2.88295e-17 1.90104 1 1.76294e-17 2.83216 1.05395e-16 1.42942 0.903123 9.87699e-17 1.36472 1.90104 4.39053e-17 1 2.83216 -1.42942 1.89984e-16 0.903123 -1.36472 1.79464e-16 1.90104 -1 1.1906e-16 2.83216 -2.77449e-16 -1.42942 0.903123 -2.62981e-16 -1.36472 1.90104 -1.86467e-16 -1 2.83216 
1.44295 -6.47868e-19 0.896562 1.37411 -3.23217e-17 1.8942 1 2.1213e-17 2.82159 1.06189e-16 1.44295 0.896562 9.89655e-17 1.37411 1.8942 2.48365e-17 1 2.82159 -1.44295 1.91747e-16 0.896562 -1.37411 1.80601e-16 1.8942 -1 1.25149e-16 2.82159 -2.8004e-16 -1.44295 0.896562 -2.64636e-16 -1.37411 1.8942 -2.05949e-16 -1 2.82159 
1.45636 2.22469e-18 0.889813 1.38344 -3.24032e-17 1.88716 1 2.63547e-17 2.81073 1.06777e-16 1.45636 0.889813 9.9271e-17 1.38344 1.88716 3.77752e-17 1 2.81073 -1.45636 1.93484e-16 0.889813 -1.38344 1.81671e-16 1.88716 -1 1.30411e-16 2.81073 -2.82599e-16 -1.45636 0.889813 -2.66102e-16 -1.38344 1.88716 -1.91182e-16 -1 2.81073 
1.46962 3.23772e-18 0.882884 1.39271 -3.25511e-17 1.87993 1 2.67487e-17 2.7996 1.06158e-16 1.46962 0.882884 1.01787e-16 1.39271 1.87993 7.29648e-18 1 2.7996 -1.46962 1.95196e-16 0.882884 -1.39271 1.82685e-16 1.87993 -1 1.28717e-16 2.7996 -2.85124e-16 -1.46962 0.882884 -2.67685e-16 -1.39271 1.87993 -2.21903e-16 -1 2.7996 
1.48274 5.32035e-18 0.875782 1.40192 -3.2977e-17 1.87252 1 2.65493e-17 2.7882 1.0679e-16 1.48274 0.875782 1.02336e-16 1.40192 1.87252 2.47657e-18 1 2.7882 -1.48274 1.9688e-16 0.875782 -1.40192 1.83703e-16 1.87252 -1 1.27031e-16 2.7882 -2.87614e-16 -1.48274 0.875782 -2.68992e-16 -1.40192 1.87252 -2.24699e-16 -1 2.7882 
1.49569 1.31333e-17 0.868515 1.41108 -3.28978e-17 1.86494 1 2.74241e-17 2.77654 1.08442e-16 1.49569 0.868515 1.02185e-16 1.41108 1.86494 1.48027e-11 1 2.77654 -1.49569 1.98537e-16 0.868515 -1.41108 1.84726e-16 1.86494 -1 1.26307e-16 2.77654 -2.90068e-16 -1.49569 0.868515 -2.70267e-16 -1.41108 1.86494 1.48024e-11 -1 2.77654 
1.50848 9.21077e-18 0.861089 1.42018 -3.56955e-17 1.85719 1 2.73276e-17 2.76463 1.06781e-16 1.50848 0.861089 -1.21015e-13 1.42018 1.85719 1.47313e-11 1 2.76463 -1.50848 2.00165e-16 0.861089 -1.42018 1.85746e-16 1.85719 -1 1.2642e-16 2.76463 -2.92487e-16 -1.50848 0.861089 -1.21389e-13 -1.42018 1.85719 1.47311e-11 -1 2.76463 
1.5211 4.67228e-18 0.853512 1.42924 -3.97232e-17 1.84929 1 3.4005e-17 2.75249 1.16319e-15 1.5211 0.853512 -2.3953e-13 1.42924 1.84929 1.46559e-11 1 2.75249 -1.5211 2.01763e-16 0.853512 -1.42924 1.86756e-16 1.84929 -1 1.30876e-16 2.75249 7.61471e-16 -1.5211 0.853512 -2.39906e-13 -1.42924 1.84929 1.46557e-11 -1 2.75249 
1.53354 5.9299e-18 0.84579 1.43825 -4.02936e-17 1.84125 1 2.97074e-17 2.7401 3.18293e-15 1.53354 0.84579 -3.55399e-13 1.43825 1.84125 1.82335e-11 1 2.7401 -1.53354 2.03332e-16 0.84579 -1.43825 1.87724e-16 1.84125 -1 1.25861e-16 2.7401 2.7782e-15 -1.53354 0.84579 -3.55776e-13 -1.43825 1.84125 1.82333e-11 -1 2.7401 
1.5458 9.63668e-18 0.83793 1.44721 -4.55247e-17 1.83307 1 3.00721e-17 2.7275 6.07694e-15 1.5458 0.83793 -4.96574e-13 1.44721 1.83307 2.17715e-11 1 2.7275 -1.5458 2.0487e-16 0.83793 -1.44721 1.88723e-16 1.83307 -1 1.26699e-16 2.7275 5.66827e-15 -1.5458 0.83793 -4.96954e-13 -1.44721 1.83307 2.17713e-11 -1 2.7275 
1.55788 1.0509e-17 0.82994 1.45613 -4.67703e-17 1.82476 1 2.86452e-17 2.71467 9.97526e-15 1.55788 0.82994 -6.6169e-13 1.45613 1.82476 3.29277e-11 1 2.71467 -1.55788 2.06377e-16 0.82994 -1.45613 1.89708e-16 1.82476 -1 1.24908e-16 2.71467 9.56373e-15 -1.55788 0.82994 -6.62072e-13 -1.45613 1.82476 3.29275e-11 -1 2.71467 
1.56976 1.31557e-17 0.821824 1.46501 -4.62589e-17 1.81633 1 3.25982e-17 2.70164 1.49853e-14 1.56976 0.821824 -9.05617e-13 1.46501 1.81633 3.20877e-11 1 2.70164 -1.56976 2.07852e-16 0.821824 -1.46501 1.90699e-16 1.81633 -1 1.29444e-16 2.70164 1.4568e-14 -1.56976 0.821824 -9.06003e-13 -1.46501 1.81633 3.20875e-11 -1 2.70164 
1.58146 1.05941e-17 0.813589 1.47384 -4.73416e-17 1.80779 1 3.31409e-17 2.6884 2.15833e-14 1.58146 0.813589 -1.13902e-12 1.47384 1.80779 5.12192e-11 1 2.6884 -1.58146 2.09297e-16 0.813589 -1.47384 1.91652e-16 1.80779 -1 1.30123e-16 2.6884 2.11628e-14 -1.58146 0.813589 -1.13941e-12 -1.47384 1.80779 1.97262e-11 -1 2.6884 
1.59297 8.60329e-18 0.805242 1.48264 -4.82578e-17 1.79915 1 2.94302e-17 2.67496 2.95776e-14 1.59297 0.805242 -1.50286e-12 1.48264 1.79915 6.1643e-11 1 2.67496 -1.59297 2.1071e-16 0.805242 -1.48264 1.92593e-16 1.79915 -1 1.26945e-16 2.67496 2.91552e-14 -1.59297 0.805242 -1.28127e-12 -1.48264 1.79915 3.02943e-11 -1 2.67496 
1.60428 1.19943e-17 0.796787 1.49141 -4.93437e-17 1.7904 1 2.69241e-17 2.66133 3.97297e-14 1.60428 0.796787 -1.93199e-12 1.49141 1.7904 4.69917e-11 1 2.66133 -1.60428 2.12092e-16 0.796787 -1.49141 1.93552e-16 1.7904 -1 1.24905e-16 2.66133 3.78249e-14 -1.60428 0.796787 -1.49325e-12 -1.49141 1.7904 1.57931e-11 -1 2.66133 
1.6154 1.26493e-17 0.788231 1.50013 -4.87774e-17 1.78157 1 2.9788e-17 2.64752 5.22936e-14 1.6154 0.788231 -2.25363e-12 1.50013 1.78157 5.52814e-11 1 2.64752 -1.6154 2.13443e-16 0.788231 -1.50013 1.94518e-16 1.78157 -1 1.26842e-16 2.64752 4.75593e-14 -1.6154 0.788231 -1.60264e-12 -1.50013 1.78157 -7.14533e-12 -1 2.64752 
1.62632 1.41146e-17 0.779579 1.50883 -4.91837e-17 1.77266 1 2.80001e-17 2.63353 6.64171e-14 1.62632 0.779579 -2.62408e-12 1.50883 1.77266 4.08069e-11 1 2.63353 -1.62632 2.14763e-16 0.779579 -1.50883 1.95466e-16 1.77266 -1 1.25125e-16 2.63353 5.76316e-14 -1.62632 0.779579 -1.55673e-12 -1.50883 1.77266 -2.12912e-11 -1 2.63353 
1.63705 1.32143e-17 0.770835 1.51749 -4.92241e-17 1.76367 1 3.45892e-17 2.61936 8.22582e-14 1.63705 0.770835 -2.89245e-12 1.51749 1.76367 4.40841e-11 1 2.61936 -1.63705 2.16051e-16 0.770835 -1.51749 1.9642e-16 1.76367 -1 1.30453e-16 2.61936 6.70705e-14 -1.63705 0.770835 -1.41842e-12 -1.51749 1.76367 -1.76745e-11 -1 2.61936 
1.64758 1.33152e-17 0.762006 1.52612 -5.15428e-17 1.75461 1 4.70298e-17 2.60502 9.90814e-14 1.64758 0.762006 -3.17609e-12 1.52612 1.75461 4.03053e-11 1 2.60502 -1.64758 2.17309e-16 0.762006 -1.52612 1.97335e-16 1.75461 -1 1.41747e-16 2.60502 7.53658e-14 -1.64758 0.762006 -1.30512e-12 -1.52612 1.75461 -2.11031e-11 -1 2.60502 
1.65792 1.39843e-17 0.753095 1.53471 -5.13282e-17 1.74548 1 5.57851e-17 2.59051 1.16872e-13 1.65792 0.753095 -3.42968e-12 1.53471 1.74548 5.05158e-11 1 2.59051 -1.65792 2.18536e-16 0.753095 -1.53471 1.98174e-16 1.74548 -1 1.49508e-16 2.59051 8.27147e-14 -1.65792 0.753095 -1.17157e-12 -1.53471 1.74548 -1.05319e-11 -1 2.59051 
1.66807 1.77383e-17 0.744108 1.54328 -5.05171e-17 1.7363 1 5.53341e-17 2.57585 1.35368e-13 1.66807 0.744108 -3.74092e-12 1.54328 1.7363 5.01621e-11 1 2.57585 -1.66807 2.19733e-16 0.744108 -1.54328 1.98963e-16 1.7363 -1 1.48768e-16 2.57585 8.90552e-14 -1.66807 0.744108 -1.10549e-12 -1.54328 1.7363 -1.05144e-11 -1 2.57585 
1.67803 1.83123e-17 0.735048 1.55181 -4.95427e-17 1.72706 1 6.08558e-17 2.56102 1.54782e-13 1.67803 0.735048 -4.04307e-12 1.55181 1.72706 4.97978e-11 1 2.56102 -1.67803 2.20901e-16 0.735048 -1.55181 1.99753e-16 1.72706 -1 1.5379e-16 2.56102 9.47897e-14 -1.67803 0.735048 -1.04019e-12 -1.55181 1.72706 -1.04972e-11 -1 2.56102 
1.68779 1.91699e-17 0.725921 1.56032 -5.00289e-17 1.71777 1 2.46479e-17 2.54605 1.74966e-13 1.68779 0.725921 -4.33609e-12 1.56032 1.71777 5.28692e-11 1 2.54605 -1.68779 2.22039e-16 0.725921 -1.56032 2.00512e-16 1.71777 -1 1.16927e-16 2.54605 9.9949e-14 -1.68779 0.725921 -9.75699e-13 -1.56032 1.71777 -7.03425e-12 -1 2.54605 
1.69736 1.96001e-17 0.716731 1.56879 -5.04211e-17 1.70843 1 2.65035e-17 2.53092 1.95784e-13 1.69736 0.716731 -4.64037e-12 1.56879 1.70843 3.87326e-11 1 2.53092 -1.69736 2.23149e-16 0.716731 -1.56879 2.01487e-16 1.70843 -1 1.17633e-16 2.53092 1.04562e-13 -1.69736 0.716731 -9.32413e-13 -1.56879 1.70843 -2.07693e-11 -1 2.53092 
1.70674 1.85704e-17 0.707481 1.57723 -5.08396e-17 1.69906 1 4.1387e-17 2.51564 2.172e-13 1.70674 0.707481 -4.85497e-12 1.57723 1.69906 4.86904e-11 1 2.51564 -1.70674 2.24228e-16 0.707481 -1.57723 2.02453e-16 1.69906 -1 1.30845e-16 2.51564 1.08754e-13 -1.70674 0.707481 -8.09443e-13 -1.57723 1.69906 -1.03998e-11 -1 2.51564 
1.71594 1.7787e-17 0.698175 1.58564 -5.06042e-17 1.68965 1 5.74965e-17 2.50022 2.38721e-13 1.71594 0.698175 -5.12088e-12 1.58564 1.68965 5.84947e-11 1 2.50022 -1.71594 2.25279e-16 0.698175 -1.58564 2.03339e-16 1.68965 -1 1.46357e-16 2.50022 1.12179e-13 -1.71594 0.698175 -7.47822e-13 -1.58564 1.68965 -1.73954e-13 -1 2.50022 
1.72494 1.92491e-17 0.688818 1.59403 -5.08005e-17 1.68021 1 7.03632e-17 2.48466 2.60515e-13 1.72494 0.688818 -5.43531e-12 1.59403 1.68021 5.79782e-11 1 2.48466 -1.72494 2.26301e-16 0.688818 -1.59403 2.04133e-16 1.68021 -1 1.58897e-16 2.48466 1.15148e-13 -1.72494 0.688818 -7.44799e-13 -1.59403 1.68021 -2.59123e-13 -1 2.48466 
1.73376 1.84503e-17 0.679413 1.60238 -5.12014e-17 1.67075 1 3.21607e-17 2.46896 2.82721e-13 1.73376 0.679413 -5.73889e-12 1.60238 1.67075 4.73354e-11 1 2.46896 -1.73376 2.27295e-16 0.679413 -1.60238 2.04855e-16 1.67075 -1 1.19522e-16 2.46896 1.17931e-13 -1.73376 0.679413 -7.41031e-13 -1.60238 1.67075 -1.04608e-11 -1 2.46896 
1.7424 1.83406e-17 0.669964 1.61069 -5.05361e-17 1.66126 1 4.99389e-18 2.45312 3.05214e-13 1.7424 0.669964 -5.97603e-12 1.61069 1.66126 6.00045e-11 1 2.45312 -1.7424 2.28261e-16 0.669964 -1.61069 2.05792e-16 1.66126 -1 9.29622e-17 2.45312 1.20527e-13 -1.7424 0.669964 -6.80987e-13 -1.61069 1.66126 2.6591e-12 -1 2.45312 
1.75086 1.967e-17 0.660474 1.61898 -4.92368e-17 1.65174 1 -6.90141e-18 2.43715 3.27656e-13 1.75086 0.660474 -6.27479e-12 1.61898 1.65174 4.25852e-11 1 2.43715 -1.75086 2.292e-16 0.660474 -1.61898 2.06869e-16 1.65174 -1 8.00264e-17 2.43715 1.22717e-13 -1.75086 0.660474 -6.9276e-13 -1.61898 1.65174 -1.42998e-11 -1 2.43715 
1.75913 2.05769e-17 0.650948 1.62723 -4.67426e-17 1.64221 1 2.2549e-17 2.42104 3.50231e-13 1.75913 0.650948 -6.47229e-12 1.62723 1.64221 4.21922e-11 1 2.42104 -1.75913 2.3011e-16 0.650948 -1.62723 2.08007e-16 1.64221 -1 1.10023e-16 2.42104 1.24796e-13 -1.75913 0.650948 -6.13506e-13 -1.62723 1.64221 -1.42228e-11 -1 2.42104 
1.76722 2.01133e-17 0.641387 1.63545 -4.69899e-17 1.63267 1 2.89064e-17 2.40481 3.72496e-13 1.76722 0.641387 -6.66112e-12 1.63545 1.63267 5.50274e-11 1 2.40481 -1.76722 2.30992e-16 0.641387 -1.63545 2.08978e-16 1.63267 -1 1.14914e-16 2.40481 1.26424e-13 -1.76722 0.641387 -5.35873e-13 -1.63545 1.63267 -9.0804e-13 -1 2.40481 
1.77514 2.23089e-17 0.631797 1.64364 -4.7295e-17 1.62311 1 4.08367e-17 2.38844 3.94381e-13 1.77514 0.631797 -6.90996e-12 1.64364 1.62311 5.56204e-11 1 2.38844 -1.77514 2.31847e-16 0.631797 -1.64364 2.09917e-16 1.62311 -1 1.26802e-16 2.38844 1.27631e-13 -1.77514 0.631797 -5.28563e-13 -1.64364 1.62311 -1.53256e-11 -1 2.38844 
1.78288 2.21758e-17 0.622179 1.65179 -4.71573e-17 1.61355 1 2.93183e-17 2.37195 4.16059e-13 1.78288 0.622179 -7.15386e-12 1.65179 1.61355 5.50462e-11 1 2.37195 -1.78288 2.32676e-16 0.622179 -1.65179 2.1079e-16 1.61355 -1 1.14384e-16 2.37195 1.28683e-13 -1.78288 0.622179 -4.4737e-13 -1.65179 1.61355 -1.52527e-11 -1 2.37195 
1.79045 2.28889e-17 0.612537 1.6599 -4.72101e-17 1.60398 1 1.89886e-17 2.35533 4.37467e-13 1.79045 0.612537 -7.38674e-12 1.6599 1.60398 4.14305e-11 1 2.35533 -1.79045 2.33478e-16 0.612537 -1.6599 2.1172e-16 1.60398 -1 1.03701e-16 2.35533 1.29334e-13 -1.79045 0.612537 -3.67933e-13 -1.6599 1.60398 -2.82094e-11 -1 2.35533 
1.79784 2.34444e-17 0.602874 1.66797 -4.75824e-17 1.59441 1 1.84687e-18 2.33859 4.58522e-13 1.79784 0.602874 -7.54372e-12 1.66797 1.59441 4.99734e-11 1 2.33859 -1.79784 2.34255e-16 0.602874 -1.66797 2.12698e-16 1.59441 -1 8.59443e-17 2.33859 1.29612e-13 -1.79784 0.602874 -2.2541e-13 -1.66797 1.59441 -4.98834e-11 -1 2.33859 
1.80507 2.42388e-17 0.593193 1.67601 -4.75193e-17 1.58483 1 1.50827e-17 2.32172 4.78942e-13 1.80507 0.593193 -7.73585e-12 1.67601 1.58483 3.65873e-11 1 2.32172 -1.80507 2.35006e-16 0.593193 -1.67601 2.13756e-16 1.58483 -1 9.78048e-17 2.32172 1.29336e-13 -1.80507 0.593193 2.07381e-14 -1.67601 1.58483 -6.2265e-11 -1 2.32172 
1.81212 2.42546e-17 0.583498 1.684 -4.80543e-17 1.57526 1 2.60991e-17 2.30474 4.98812e-13 1.81212 0.583498 -7.85539e-12 1.684 1.57526 4.84491e-11 1 2.30474 -1.81212 2.35731e-16 0.583498 -1.684 2.14746e-16 1.57526 -1 1.08792e-16 2.30474 1.28225e-13 -1.81212 0.583498 3.21731e-13 -1.684 1.57526 -8.01697e-11 -1 2.30474 
1.81901 2.56317e-17 0.57379 1.69195 -4.81061e-17 1.56569 1 1.87213e-17 2.28763 5.17887e-13 1.81901 0.57379 -8.02518e-12 1.69195 1.56569 5.11723e-11 1 2.28763 -1.81901 2.36432e-16 0.57379 -1.69195 2.15676e-16 1.56569 -1 1.00964e-16 2.28763 1.26169e-13 -1.81901 0.57379 7.01721e-13 -1.69195 1.56569 -7.607e-11 -1 2.28763 
1.82573 2.67695e-17 0.564073 1.69986 -4.83088e-17 1.55612 1 2.37954e-17 2.2704 5.36297e-13 1.82573 0.564073 -8.20007e-12 1.69986 1.55612 4.11723e-11 1 2.2704 -1.82573 2.37107e-16 0.564073 -1.69986 2.16635e-16 1.55612 -1 1.05138e-16 2.2704 1.2301e-13 -1.82573 0.564073 1.05383e-12 -1.69986 1.55612 -8.4672e-11 -1 2.2704 
1.83229 2.71022e-17 0.55435 1.70772 -4.87859e-17 1.54656 1 2.38505e-17 2.25305 5.54033e-13 1.83229 0.55435 -8.3204e-12 1.70772 1.54656 5.02104e-11 1 2.25305 -1.83229 2.37759e-16 0.55435 -1.70772 2.17566e-16 1.54656 -1 1.05159e-16 2.25305 1.18906e-13 -1.83229 0.55435 1.43761e-12 -1.70772 1.54656 -7.42145e-11 -1 2.25305 
1.83868 2.77479e-17 0.544623 1.71554 -4.82089e-17 1.53701 1 1.35478e-17 2.23559 5.70925e-13 1.83868 0.544623 -8.47503e-12 1.71554 1.53701 4.96764e-11 1 2.23559 -1.83868 2.38387e-16 0.544623 -1.71554 2.18488e-16 1.53701 -1 9.41344e-17 2.23559 1.13846e-13 -1.83868 0.544623 1.76406e-12 -1.71554 1.53701 -7.33077e-11 -1 2.23559 
1.84492 2.78881e-17 0.534895 1.7233 -4.83739e-17 1.52747 1 1.07637e-17 2.21801 5.8705e-13 1.84492 0.534895 -8.6191e-12 1.7233 1.52747 5.84179e-11 1 2.21801 -1.84492 2.38991e-16 0.534895 -1.7233 2.19451e-16 1.52747 -1 9.17921e-17 2.21801 1.08058e-13 -1.84492 0.534895 2.07795e-12 -1.7233 1.52747 -6.3104e-11 -1 2.21801 
1.851 2.93805e-17 0.525168 1.73101 -4.77925e-17 1.51794 1 2.02012e-17 2.20031 6.02363e-13 1.851 0.525168 -8.79392e-12 1.73101 1.51794 6.69307e-11 1 2.20031 -1.851 2.39572e-16 0.525168 -1.73101 2.20415e-16 1.51794 -1 1.0043e-16 2.20031 1.01639e-13 -1.851 0.525168 2.33783e-12 -1.73101 1.51794 -5.31075e-11 -1 2.20031 
1.85693 3.05049e-17 0.515445 1.73867 -4.82715e-17 1.50843 1 2.37236e-17 2.1825 6.16924e-13 1.85693 0.515445 -8.99688e-12 1.73867 1.50843 6.3019e-11 1 2.1825 -1.85693 2.4013e-16 0.515445 -1.73867 2.21329e-16 1.50843 -1 1.04912e-16 2.1825 9.47806e-14 -1.85693 0.515445 2.54623e-12 -1.73867 1.50843 -5.55141e-11 -1 2.1825 
1.8627 2.92914e-17 0.505728 1.74627 -4.86444e-17 1.49893 1 2.86004e-17 2.16457 6.30777e-13 1.8627 0.505728 -9.17262e-12 1.74627 1.49893 6.21918e-11 1 2.16457 -1.8627 2.40666e-16 0.505728 -1.74627 2.22214e-16 1.49893 -1 1.10644e-16 2.16457 8.76543e-14 -1.8627 0.505728 2.75841e-12 -1.74627 1.49893 -5.48148e-11 -1 2.16457 
1.86831 2.93883e-17 0.49602 1.75382 -4.84052e-17 1.48944 1 2.80625e-17 2.14653 6.43838e-13 1.86831 0.49602 -9.33484e-12 1.75382 1.48944 4.93725e-11 1 2.14653 -1.86831 2.41179e-16 0.49602 -1.75382 2.23065e-16 1.48944 -1 1.09705e-16 2.14653 8.02899e-14 -1.86831 0.49602 2.96058e-12 -1.75382 1.48944 -6.60862e-11 -1 2.14653 
1.87378 2.89177e-17 0.486322 1.7613 -4.83119e-17 1.47998 1 1.20045e-17 2.12837 6.56055e-13 1.87378 0.486322 -9.43316e-12 1.7613 1.47998 4.87311e-11 1 2.12837 -1.87378 2.41671e-16 0.486322 -1.7613 2.2391e-16 1.47998 -1 9.2991e-17 2.12837 7.27475e-14 -1.87378 0.486322 3.20304e-12 -1.7613 1.47998 -6.51581e-11 -1 2.12837 
1.8791 2.9527e-17 0.476638 1.76873 -4.77506e-17 1.47053 1 3.40317e-17 2.1101 6.67278e-13 1.8791 0.476638 -9.52015e-12 1.76873 1.47053 5.84396e-11 1 2.1101 -1.8791 2.42142e-16 0.476638 -1.76873 2.24814e-16 1.47053 -1 1.15031e-16 2.1101 6.49773e-14 -1.8791 0.476638 3.43315e-12 -1.76873 1.47053 -6.86964e-11 -1 2.1101 
1.88428 2.92643e-17 0.466968 1.77608 -4.73008e-17 1.4611 1 -8.76682e-18 2.09173 6.7748e-13 1.88428 0.466968 -9.63802e-12 1.77608 1.4611 6.92569e-11 1 2.09173 -1.88428 2.42592e-16 0.466968 -1.77608 2.25616e-16 1.4611 -1 7.18212e-17 2.09173 5.70464e-14 -1.88428 0.466968 3.66913e-12 -1.77608 1.4611 -5.60468e-11 -1 2.09173 
1.88931 2.95986e-17 0.457316 1.78338 -4.6872e-17 1.45169 1 -3.08694e-17 2.07324 6.86721e-13 1.88931 0.457316 -9.78937e-12 1.78338 1.45169 6.82038e-11 1 2.07324 -1.88931 2.43022e-16 0.457316 -1.78338 2.26581e-16 1.45169 -1 4.98079e-17 2.07324 4.89819e-14 -1.88931 0.457316 3.84522e-12 -1.78338 1.45169 -5.52436e-11 -1 2.07324 
1.89419 2.98806e-17 0.447682 1.7906 -4.58788e-17 1.4423 1 -3.81735e-17 2.05464 6.95059e-13 1.89419 0.447682 -9.92525e-12 1.7906 1.4423 6.99848e-11 1 2.05464 -1.89419 2.4343e-16 0.447682 -1.7906 2.27618e-16 1.4423 -1 4.30688e-17 2.05464 4.09363e-14 -1.89419 0.447682 4.01035e-12 -1.7906 1.4423 -5.15823e-11 -1 2.05464 
1.89894 3.06245e-17 0.43807 1.79774 -4.57128e-17 1.43294 1 -4.07928e-17 2.03593 7.02453e-13 1.89894 0.43807 -1.00567e-11 1.79774 1.43294 7.60873e-11 1 2.03593 -1.89894 2.43819e-16 0.43807 -1.79774 2.28662e-16 1.43294 -1 4.05763e-17 2.03593 3.29571e-14 -1.89894 0.43807 4.15341e-12 -1.79774 1.43294 -5.80531e-11 -1 2.03593 
1.90355 2.97203e-17 0.42848 1.80482 -4.4714e-17 1.42359 1 -4.18255e-17 2.01712 7.0889e-13 1.90355 0.42848 -1.01998e-11 1.80482 1.42359 8.47864e-11 1 2.01712 -1.90355 2.44188e-16 0.42848 -1.80482 2.29695e-16 1.42359 -1 3.96777e-17 2.01712 2.51081e-14 -1.90355 0.42848 4.31369e-12 -1.80482 1.42359 -6.15575e-11 -1 2.01712 
1.90803 2.94133e-17 0.418914 1.81181 -4.31408e-17 1.41427 1 -5.80189e-17 1.99819 7.14382e-13 1.90803 0.418914 -1.0363e-11 1.81181 1.41427 8.3323e-11 1 1.99819 -1.90803 2.44537e-16 0.418914 -1.81181 2.30711e-16 1.41427 -1 2.35482e-17 1.99819 1.73805e-14 -1.90803 0.418914 4.4787e-12 -1.81181 1.41427 -6.05816e-11 -1 1.99819 
1.91237 2.95522e-17 0.409374 1.81873 -4.19138e-17 1.40498 1 -6.94249e-17 1.97916 7.18955e-13 1.91237 0.409374 -1.05069e-11 1.81873 1.40498 7.91304e-11 1 1.97916 -1.91237 2.44868e-16 0.409374 -1.81873 2.31765e-16 1.40498 -1 1.11892e-17 1.97916 9.78921e-15 -1.91237 0.409374 4.6311e-12 -1.81873 1.40498 -6.2306e-11 -1 1.97916 
1.91658 2.91958e-17 0.399861 1.82556 -4.06711e-17 1.39571 1 -4.54382e-17 1.96002 7.2257e-13 1.91658 0.399861 -1.06219e-11 1.82556 1.39571 8.84e-11 1 1.96002 -1.91658 2.45179e-16 0.399861 -1.82556 2.3284e-16 1.39571 -1 3.54491e-17 1.96002 2.37629e-15 -1.91658 0.399861 4.78072e-12 -1.82556 1.39571 -5.05393e-11 -1 1.96002 
1.92066 2.79922e-17 0.390377 1.83231 -4.02839e-17 1.38647 1 -4.48921e-17 1.94078 7.25179e-13 1.92066 0.390377 -1.07564e-11 1.83231 1.38647 8.93518e-11 1 1.94078 -1.92066 2.45472e-16 0.390377 -1.83231 2.33802e-16 1.38647 -1 3.58744e-17 1.94078 -4.83437e-15 -1.92066 0.390377 4.87905e-12 -1.83231 1.38647 -4.70616e-11 -1 1.94078 
1.92461 2.76412e-17 0.380923 1.83896 -3.99999e-17 1.37725 1 -3.88625e-17 1.92144 7.2681e-13 1.92461 0.380923 -1.08794e-11 1.83896 1.37725 7.97866e-11 1 1.92144 -1.92461 2.45747e-16 0.380923 -1.83896 2.34738e-16 1.37725 -1 4.26224e-17 1.92144 -1.17508e-14 -1.92461 0.380923 4.95721e-12 -1.83896 1.37725 -5.40722e-11 -1 1.92144 
1.92843 2.68731e-17 0.3715 1.84553 -3.93976e-17 1.36806 1 -3.67364e-17 1.90199 7.27445e-13 1.92843 0.3715 -1.09545e-11 1.84553 1.36806 7.05043e-11 1 1.90199 -1.92843 2.46005e-16 0.3715 -1.84553 2.35628e-16 1.36806 -1 4.36249e-17 1.90199 -1.83353e-14 -1.92843 0.3715 5.05174e-12 -1.84553 1.36806 -6.07713e-11 -1 1.90199 
1.93214 2.61152e-17 0.36211 1.852 -3.84228e-17 1.35889 1 -5.42477e-17 1.88244 7.27022e-13 1.93214 0.36211 -1.09844e-11 1.852 1.35889 7.1592e-11 1 1.88244 -1.93214 2.46245e-16 0.36211 -1.852 2.36489e-16 1.35889 -1 2.64706e-17 1.88244 -2.46032e-14 -1.93214 0.36211 5.16008e-12 -1.852 1.35889 -5.70722e-11 -1 1.88244 
1.93572 2.5932e-17 0.352752 1.85837 -3.79856e-17 1.34976 1 -7.2275e-17 1.86279 7.25494e-13 1.93572 0.352752 -1.1005e-11 1.85837 1.34976 6.76069e-11 1 1.86279 -1.93572 2.46469e-16 0.352752 -1.85837 2.37383e-16 1.34976 -1 9.05966e-18 1.86279 -3.05639e-14 -1.93572 0.352752 5.24654e-12 -1.85837 1.34976 -5.84175e-11 -1 1.86279 
1.93918 2.44798e-17 0.343429 1.86464 -3.70309e-17 1.34065 1 -7.3125e-17 1.84304 7.22865e-13 1.93918 0.343429 -1.09995e-11 1.86464 1.34065 8.16781e-11 1 1.84304 -1.93918 2.46676e-16 0.343429 -1.86464 2.38306e-16 1.34065 -1 9.71997e-18 1.84304 -3.61817e-14 -1.93918 0.343429 5.32799e-12 -1.86464 1.34065 -6.78701e-11 -1 1.84304 
1.94252 2.47674e-17 0.33414 1.87081 -3.57195e-17 1.33157 1 -6.55726e-17 1.82319 7.19124e-13 1.94252 0.33414 -1.10257e-11 1.87081 1.33157 7.98502e-11 1 1.82319 -1.94252 2.46868e-16 0.33414 -1.87081 2.39196e-16 1.33157 -1 1.69101e-17 1.82319 -4.14456e-14 -1.94252 0.33414 5.42963e-12 -1.87081 1.33157 -6.6419e-11 -1 1.82319 
1.94575 2.43198e-17 0.324887 1.87687 -3.49346e-17 1.32251 1 -6.40019e-17 1.80324 7.14328e-13 1.94575 0.324887 -1.10314e-11 1.87687 1.32251 7.80054e-11 1 1.80324 -1.94575 2.47043e-16 0.324887 -1.87687 2.40034e-16 1.32251 -1 1.89693e-17 1.80324 -4.6373e-14 -1.94575 0.324887 5.51572e-12 -1.87687 1.32251 -6.4952e-11 -1 1.80324 
1.94887 2.45208e-17 0.315671 1.88282 -3.366e-17 1.31349 1 -6.26587e-17 1.78319 7.08475e-13 1.94887 0.315671 -1.10168e-11 1.88282 1.31349 8.241e-11 1 1.78319 -1.94887 2.47203e-16 0.315671 -1.88282 2.40834e-16 1.31349 -1 1.98616e-17 1.78319 -5.09419e-14 -1.94887 0.315671 5.58637e-12 -1.88282 1.31349 -6.97349e-11 -1 1.78319 
1.95187 2.43702e-17 0.306491 1.88866 -3.2446e-17 1.30449 1 -6.01776e-17 1.76306 7.01566e-13 1.95187 0.306491 -1.10006e-11 1.88866 1.30449 8.03788e-11 1 1.76306 -1.95187 2.47348e-16 0.306491 -1.88866 2.41602e-16 1.30449 -1 2.21545e-17 1.76306 -5.51338e-14 -1.95187 0.306491 5.66017e-12 -1.88866 1.30449 -6.80822e-11 -1 1.76306 
1.95477 2.39545e-17 0.297348 1.89438 -3.15818e-17 1.29552 1 -5.93693e-17 1.74282 6.93626e-13 1.95477 0.297348 -1.09633e-11 1.89438 1.29552 7.17162e-11 1 1.74282 -1.95477 2.47479e-16 0.297348 -1.89438 2.42331e-16 1.29552 -1 2.30584e-17 1.74282 -5.89507e-14 -1.95477 0.297348 5.71747e-12 -1.89438 1.29552 -7.30265e-11 -1 1.74282 
1.95756 2.30843e-17 0.288242 1.89999 -3.05296e-17 1.28658 1 -5.95168e-17 1.7225 6.84662e-13 1.95756 0.288242 -1.08866e-11 1.89999 1.28658 6.12236e-11 1 1.7225 -1.95756 2.47595e-16 0.288242 -1.89999 2.43026e-16 1.28658 -1 2.39188e-17 1.7225 -6.23779e-14 -1.95756 0.288242 5.77696e-12 -1.89999 1.28658 -7.97668e-11 -1 1.7225 
1.96024 2.32325e-17 0.279174 1.90547 -2.92176e-17 1.27767 1 -6.11998e-17 1.70208 6.7467e-13 1.96024 0.279174 -1.07673e-11 1.90547 1.27767 5.95992e-11 1 1.70208 -1.96024 2.47697e-16 0.279174 -1.90547 2.43688e-16 1.27767 -1 2.23078e-17 1.70208 -6.54194e-14 -1.96024 0.279174 5.84235e-12 -1.90547 1.27767 -7.76053e-11 -1 1.70208 
1.96282 2.23355e-17 0.270144 1.91083 -2.84078e-17 1.26879 1 -5.92384e-17 1.68158 6.63653e-13 1.96282 0.270144 -1.06312e-11 1.91083 1.26879 6.00139e-11 1 1.68158 -1.96282 2.47786e-16 0.270144 -1.91083 2.4432e-16 1.26879 -1 2.53783e-17 1.68158 -6.80823e-14 -1.96282 0.270144 5.88836e-12 -1.91083 1.26879 -7.33718e-11 -1 1.68158 
1.9653 2.16485e-17 0.261151 1.91606 -2.71657e-17 1.25994 1 -7.03745e-17 1.66099 6.51636e-13 1.9653 0.261151 -1.04838e-11 1.91606 1.25994 5.02861e-11 1 1.66099 -1.9653 2.47861e-16 0.261151 -1.91606 2.44912e-16 1.25994 -1 1.48531e-17 1.66099 -7.0355e-14 -1.9653 0.261151 5.90999e-12 -1.91606 1.25994 -7.92481e-11 -1 1.66099 
1.96768 2.08312e-17 0.252195 1.92115 -2.62976e-17 1.25111 1 -7.19469e-17 1.64031 6.38654e-13 1.96768 0.252195 -1.02996e-11 1.92115 1.25111 5.07649e-11 1 1.64031 -1.96768 2.47924e-16 0.252195 -1.92115 2.45497e-16 1.25111 -1 1.41265e-17 1.64031 -7.22264e-14 -1.96768 0.252195 5.93339e-12 -1.92115 1.25111 -7.48859e-11 -1 1.64031 
1.96996 2.04296e-17 0.243277 1.92612 -2.53478e-17 1.24232 1 -9.8286e-17 1.61955 6.24726e-13 1.96996 0.243277 -1.01057e-11 1.92612 1.24232 4.16377e-11 1 1.61955 -1.96996 2.47973e-16 0.243277 -1.92612 2.46048e-16 1.24232 -1 -1.11086e-17 1.61955 -7.37061e-14 -1.96996 0.243277 5.93222e-12 -1.92612 1.24232 -8.00981e-11 -1 1.61955 
1.97214 1.97251e-17 0.234396 1.93094 -2.41915e-17 1.23355 1 -1.29289e-16 1.59871 6.0989e-13 1.97214 0.234396 -9.87921e-12 1.93094 1.23355 3.88241e-11 1 1.59871 -1.97214 2.4801e-16 0.234396 -1.93094 2.46623e-16 1.23355 -1 -4.13333e-17 1.59871 -7.47885e-14 -1.97214 0.234396 5.92988e-12 -1.93094 1.23355 -6.8575e-11 -1 1.59871 
1.97423 1.90559e-17 0.225551 1.93563 -2.30925e-17 1.22481 1 -1.20837e-16 1.57779 5.94177e-13 1.97423 0.225551 -9.63672e-12 1.93563 1.22481 3.75559e-11 1 1.57779 -1.97423 2.48035e-16 0.225551 -1.93563 2.47225e-16 1.22481 -1 -3.2372e-17 1.57779 -7.54849e-14 -1.97423 0.225551 5.88701e-12 -1.93563 1.22481 -6.62211e-11 -1 1.57779 
1.97623 1.79636e-17 0.216742 1.94017 -2.21689e-17 1.21609 1 -1.39402e-16 1.55679 5.77626e-13 1.97623 0.216742 -9.38228e-12 1.94017 1.21609 3.79996e-11 1 1.55679 -1.97623 2.48048e-16 0.216742 -1.94017 2.47762e-16 1.21609 -1 -5.10965e-17 1.55679 -7.57867e-14 -1.97623 0.216742 5.82632e-12 -1.94017 1.21609 -6.21281e-11 -1 1.55679 
1.97814 1.72942e-17 0.207969 1.94457 -2.09733e-17 1.20741 1 -1.50703e-16 1.53571 5.60283e-13 1.97814 0.207969 -9.11984e-12 1.94457 1.20741 3.66365e-11 1 1.53571 -1.97814 2.48049e-16 0.207969 -1.94457 2.48293e-16 1.20741 -1 -6.13664e-17 1.53571 -7.57022e-14 -1.97814 0.207969 5.74463e-12 -1.94457 1.20741 -5.98152e-11 -1 1.53571 
1.97995 1.63289e-17 0.19923 1.94882 -1.98941e-17 1.19875 1 -1.6491e-16 1.51456 5.42192e-13 1.97995 0.19923 -8.84565e-12 1.94882 1.19875 4.16921e-11 1 1.51456 -1.97995 2.48039e-16 0.19923 -1.94882 2.48796e-16 1.19875 -1 -7.48347e-17 1.51456 -7.52405e-14 -1.97995 0.19923 5.64646e-12 -1.94882 1.19875 -5.10577e-11 -1 1.51456 
1.98168 1.57069e-17 0.190525 1.95292 -1.87959e-17 1.19011 1 -1.75009e-16 1.49334 5.234e-13 1.98168 0.190525 -8.5726e-12 1.95292 1.19011 3.38351e-11 1 1.49334 -1.98168 2.48017e-16 0.190525 -1.95292 2.49274e-16 1.19011 -1 -8.38365e-17 1.49334 -7.44153e-14 -1.98168 0.190525 5.51974e-12 -1.95292 1.19011 -5.51875e-11 -1 1.49334 
1.98333 1.51532e-17 0.181854 1.95686 -1.75966e-17 1.1815 1 2.97364e-12 1.47205 5.03956e-13 1.98333 0.181854 -8.27536e-12 1.95686 1.1815 2.79751e-11 1 1.47205 -1.98333 2.47985e-16 0.181854 -1.95686 2.49716e-16 1.1815 -1 2.97373e-12 1.47205 -7.32373e-14 -1.98333 0.181854 5.39068e-12 -1.95686 1.1815 -5.7296e-11 -1 1.47205 
1.98488 1.46798e-17 0.173215 1.96065 -5.32824e-15 1.17292 1 5.68379e-12 1.45069 4.839e-13 1.98488 0.173215 -7.95949e-12 1.96065 1.17292 2.24991e-11 1 1.45069 -1.98488 2.47942e-16 0.173215 -1.96065 -5.06159e-15 1.17292 -1 5.68388e-12 1.45069 -7.17294e-14 -1.98488 0.173215 5.25461e-12 -1.96065 1.17292 -5.89968e-11 -1 1.45069 
1.98636 1.56955e-17 0.164607 1.96428 -1.47552e-14 1.16436 1 5.40334e-12 1.42926 4.63275e-13 1.98636 0.164607 -7.62718e-12 1.96428 1.16436 2.28602e-11 1 1.42926 -1.98636 2.49483e-16 0.164607 -1.96428 -1.44893e-14 1.16436 -1 5.40344e-12 1.42926 -6.99125e-14 -1.98636 0.164607 5.11028e-12 -1.96428 1.16436 -5.48377e-11 -1 1.42926 
1.98775 1.9056e-17 0.156029 1.96774 -2.27697e-14 1.15583 1 9.01905e-12 1.40778 4.42125e-13 1.98775 0.156029 -7.28932e-12 1.96774 1.15583 2.17772e-11 1 1.40778 -1.98775 2.53319e-16 0.156029 -1.96774 -2.25047e-14 1.15583 -1 9.01915e-12 1.40778 -6.78075e-14 -1.98775 0.156029 4.94776e-12 -1.96774 1.15583 -5.21006e-11 -1 1.40778 
1.98907 2.36017e-17 0.14748 1.97104 -3.54021e-14 1.14732 1 8.52674e-12 1.38624 4.20495e-13 1.98907 0.14748 -6.94369e-12 1.97104 1.14732 2.06833e-11 1 1.38624 -1.98907 2.58445e-16 0.14748 -1.97104 -3.51379e-14 1.14732 -1 8.52683e-12 1.38624 -6.54329e-14 -1.98907 0.14748 4.77026e-12 -1.97104 1.14732 -4.93534e-11 -1 1.38624 
1.9903 2.99639e-17 0.138958 1.97417 -4.57753e-14 1.13883 1 1.15418e-11 1.36464 3.9843e-13 1.9903 0.138958 -6.59066e-12 1.97417 1.13883 1.95787e-11 1 1.36464 -1.9903 2.6534e-16 0.138958 -1.97417 -4.55119e-14 1.13883 -1 1.15419e-11 1.36464 -6.28093e-14 -1.9903 0.138958 4.57847e-12 -1.97417 1.13883 -4.65967e-11 -1 1.36464 
1.99145 3.66892e-17 0.130463 1.97714 -5.87675e-14 1.13036 1 8.63024e-12 1.34298 3.75973e-13 1.99145 0.130463 -6.23058e-12 1.97714 1.13036 1.84637e-11 1 1.34298 -1.99145 2.72823e-16 0.130463 -1.97714 -5.8505e-14 1.13036 -1 8.63034e-12 1.34298 -5.99574e-14 -1.99145 0.130463 4.37309e-12 -1.97714 1.13036 -4.38312e-11 -1 1.34298 
1.99253 4.42705e-17 0.121994 1.97993 -6.6051e-14 1.12191 1 4.95888e-12 1.32128 3.53166e-13 1.99253 0.121994 -5.86383e-12 1.97993 1.12191 1.83752e-11 1 1.32128 -1.99253 2.80786e-16 0.121994 -1.97993 -6.57893e-14 1.12191 -1 4.95898e-12 1.32128 -5.68985e-14 -1.99253 0.121994 4.15485e-12 -1.97993 1.12191 -4.0021e-11 -1 1.32128 
1.99353 5.0789e-17 0.113547 1.98254 -6.74781e-14 1.11349 1 7.83748e-13 1.29952 3.30048e-13 1.99353 0.113547 -5.49202e-12 1.98254 1.11349 1.71689e-11 1 1.29952 -1.99353 2.878e-16 0.113547 -1.98254 -6.72175e-14 1.11349 -1 6.50363e-12 1.29952 -5.36541e-14 -1.99353 0.113547 3.92326e-12 -1.98254 1.11349 -3.73114e-11 -1 1.29952 
1.99446 5.5372e-17 0.105123 1.98498 -6.34596e-14 1.10508 1 -1.98567e-12 1.27772 3.06658e-13 1.99446 0.105123 -5.11405e-12 1.98498 1.10508 1.32503e-11 1 1.27772 -1.99446 2.92916e-16 0.105123 -1.98498 -6.94485e-14 1.10508 -1 3.32032e-12 1.27772 -5.02449e-14 -1.99446 0.105123 3.68058e-12 -1.98498 1.10508 -3.72979e-11 -1 1.27772 
1.99531 5.76872e-17 0.09672 1.98725 -5.65092e-14 1.09669 1 -4.33152e-12 1.25588 2.83032e-13 1.99531 0.09672 -4.72765e-12 1.98725 1.09669 1.22417e-11 1 1.25588 -1.99531 2.96309e-16 0.09672 -1.98725 -6.73295e-14 1.09669 -1 5.59222e-13 1.25588 -4.66918e-14 -1.99531 0.09672 3.43027e-12 -1.98725 1.09669 -3.43594e-11 -1 1.25588 
1.99609 5.72334e-17 0.0883358 1.98933 -4.77519e-14 1.08831 1 -4.7261e-12 1.234 2.59203e-13 1.99609 0.0883358 -4.33662e-12 1.98933 1.08831 1.3513e-11 1 1.234 -1.99609 2.97677e-16 0.0883358 -1.98933 -6.20903e-14 1.08831 -1 -2.51828e-13 1.234 -4.3015e-14 -1.99609 0.0883358 3.16974e-12 -1.98933 1.08831 -2.91271e-11 -1 1.234 
1.9968 5.51156e-17 0.0799691 1.99123 -3.94191e-14 1.07995 1 -4.28448e-12 1.21209 2.35203e-13 1.9968 0.0799691 -3.94323e-12 1.99123 1.07995 1.22709e-11 1 1.21209 -1.9968 2.97061e-16 0.0799691 -1.99123 -5.60692e-14 1.07995 -1 -2.27819e-13 1.21209 -3.92335e-14 -1.9968 0.0799691 2.89797e-12 -1.99123 1.07995 -2.63952e-11 -1 1.21209 
1.99743 5.14976e-17 0.0716182 1.99295 -3.2229e-14 1.07161 1 -3.84192e-12 1.19014 2.11062e-13 1.99743 0.0716182 -3.54542e-12 1.99295 1.07161 1.16436e-11 1 1.19014 -1.99743 2.94771e-16 0.0716182 -1.99295 -5.00941e-14 1.07161 -1 -2.03907e-13 1.19014 -3.53648e-14 -1.99743 0.0716182 2.61825e-12 -1.99295 1.07161 -2.30369e-11 -1 1.19014 
1.998 4.69735e-17 0.0632816 1.99448 -2.60649e-14 1.06328 1 -3.39856e-12 1.16817 1.86806e-13 1.998 0.0632816 -3.14406e-12 1.99448 1.06328 1.03141e-11 1 1.16817 -1.998 2.91152e-16 0.0632816 -1.99448 -4.41601e-14 1.06328 -1 -1.80125e-13 1.16817 -3.14258e-14 -1.998 0.0632816 2.33101e-12 -1.99448 1.06328 -2.03704e-11 -1 1.16817 
1.99849 4.16173e-17 0.0549574 1.99583 -2.08082e-14 1.05495 1 -3.43462e-12 1.14616 1.62459e-13 1.99849 0.0549574 -2.73906e-12 1.99583 1.05495 7.53801e-12 1 1.14616 -1.99849 2.8651e-16 0.0549574 -1.99583 -3.82625e-14 1.05495 -1 -6.36585e-13 1.14616 -2.74315e-14 -1.99849 0.0549574 2.03764e-12 -1.99583 1.05495 -1.91412e-11 -1 1.14616 
1.99891 3.57524e-17 0.0466441 1.99699 -1.61209e-14 1.04664 1 -3.32563e-12 1.12414 1.38042e-13 1.99891 0.0466441 -2.33026e-12 1.99699 1.04664 6.41392e-12 1 1.12414 -1.99891 2.81108e-16 0.0466441 -1.99699 -3.2179e-14 1.04664 -1 -9.48708e-13 1.12414 -2.33955e-14 -1.99891 0.0466441 1.73961e-12 -1.99699 1.04664 -1.6252e-11 -1 1.12414 
1.99926 2.95952e-17 0.0383399 1.99797 -1.20596e-14 1.03834 1 -2.39885e-12 1.1021 1.13574e-13 1.99926 0.0383399 -1.91913e-12 1.99797 1.03834 5.28413e-12 1 1.1021 -1.99926 2.75164e-16 0.0383399 -1.99797 -2.60837e-14 1.03834 -1 -4.43642e-13 1.1021 -1.93295e-14 -1.99926 0.0383399 1.43678e-12 -1.99797 1.03834 -1.33616e-11 -1 1.1021 
1.99955 2.33226e-17 0.030043 1.99875 -8.80738e-15 1.03004 1 -1.61683e-12 1.08004 8.90715e-14 1.99955 0.030043 -1.50611e-12 1.99875 1.03004 4.14913e-12 1 1.08004 -1.99955 2.68865e-16 0.030043 -1.99875 -2.02782e-14 1.03004 -1 -8.38195e-14 1.08004 -1.52435e-14 -1.99955 0.030043 1.13005e-12 -1.99875 1.03004 -1.0471e-11 -1 1.08004 
1.99976 1.69109e-17 0.0217517 1.99934 -6.08696e-15 1.02175 1 -1.17113e-12 1.05797 6.45462e-14 1.99976 0.0217517 -1.09163e-12 1.99934 1.02175 3.20084e-12 1 1.05797 -1.99976 2.62358e-16 0.0217517 -1.99934 -1.46053e-14 1.02175 -1 -6.07053e-14 1.05797 -1.11454e-14 -1.99976 0.0217517 8.20313e-13 -1.99934 1.02175 -7.38935e-12 -1 1.05797 
1.99991 1.04574e-17 0.0134643 1.99975 -3.65665e-15 1.01346 1 -8.43679e-13 1.03589 4.00087e-14 1.99991 0.0134643 -6.76154e-13 1.99975 1.01346 1.98432e-12 1 1.03589 -1.99991 2.55746e-16 0.0134643 -1.99975 -8.94392e-15 1.01346 -1 -1.56101e-13 1.03589 -7.04116e-15 -1.99991 0.0134643 5.08474e-13 -1.99975 1.01346 -4.57298e-12 -1 1.03589 
1.99999 4.02039e-18 0.00517915 1.99996 -1.38737e-15 1.00518 1 -3.2457e-13 1.01381 1.5466e-14 1.99999 0.00517915 -2.60083e-13 1.99996 1.00518 8.09934e-13 1 1.01381 -1.99999 2.49094e-16 0.00517915 -1.99996 -3.28639e-15 1.00518 -1 -5.99864e-14 1.01381 -2.93472e-15 -1.99999 0.00517915 1.95486e-13 -1.99996 1.00518 -1.7128e-12 -1 1.01381 
2 0 0 2 0 1 1 0 1 1.22465e-16 2 0 1.22465e-16 2 1 6.12323e-17 1 1 -2 2.44929e-16 0 -2 2.44929e-16 1 -1 1.22465e-16 1 -3.67394e-16 -2 0 -3.67394e-16 -2 1 -1.83697e-16 -1 1 

